 
 1            5.964638E+5   5.548500E+2   1.871418E-4   1.000000E+0   -1.080000E-2
 2            5.969559E+5   5.549421E+2   1.873450E-4   9.990053E-1   -1.080000E-2
 3            5.974480E+5   5.550343E+2   1.871418E-4   9.980096E-1   -1.080000E-2
 4            5.979402E+5   5.551264E+2   1.873450E-4   9.970149E-1   -1.080000E-2
 5            5.984323E+5   5.552186E+2   1.871418E-4   9.960191E-1   -1.080000E-2
 6            5.989245E+5   5.553107E+2   1.873450E-4   9.950244E-1   -1.080000E-2
 7            5.994166E+5   5.554029E+2   1.871418E-4   9.940287E-1   -1.080000E-2
 8            5.999087E+5   5.554950E+2   1.873450E-4   9.930340E-1   -1.080000E-2
 9            6.004009E+5   5.555872E+2   1.871418E-4   9.920382E-1   -1.080000E-2
 10           6.008930E+5   5.556793E+2   1.871418E-4   9.910436E-1   -1.080000E-2
 11           6.013852E+5   5.557714E+2   2.525703E-4   9.900489E-1   -7.307241E-3
 12           6.018773E+5   5.558957E+2   6.294955E-4   9.891406E-1   -1.300000E-3
 13           6.023694E+5   5.562055E+2   6.294955E-4   9.887379E-1   -1.300000E-3
 14           6.028616E+5   5.565153E+2   6.294955E-4   9.883351E-1   -1.300000E-3
 15           6.033537E+5   5.568251E+2   6.154751E-4   9.879324E-1   -1.391830E-3
 16           6.038459E+5   5.571280E+2   6.142506E-4   9.875108E-1   -1.400000E-3
 17           6.043380E+5   5.574303E+2   6.142506E-4   9.870876E-1   -1.400000E-3
 18           6.048301E+5   5.577326E+2   5.810129E-4   9.866644E-1   -1.635778E-3
 19           6.053223E+5   5.580185E+2   5.599104E-4   9.861966E-1   -1.800000E-3
 20           6.058144E+5   5.582941E+2   5.599104E-4   9.857006E-1   -1.800000E-3
 21           6.063066E+5   5.585697E+2   5.599104E-4   9.852046E-1   -1.800000E-3
 22           6.067987E+5   5.588452E+2   5.051287E-4   9.847086E-1   -2.290363E-3
 23           6.072908E+5   5.590938E+2   5.041593E-4   9.841393E-1   -2.300000E-3
 24           6.077830E+5   5.593419E+2   5.041593E-4   9.835686E-1   -2.300000E-3
 25           6.082751E+5   5.595900E+2   5.041593E-4   9.829979E-1   -2.300000E-3
 26           6.087673E+5   5.598382E+2   4.529182E-4   9.824272E-1   -2.868112E-3
 27           6.092594E+5   5.600611E+2   4.503490E-4   9.817879E-1   -2.900000E-3
 28           6.097515E+5   5.602827E+2   4.503490E-4   9.811452E-1   -2.900000E-3
 29           6.102437E+5   5.605043E+2   4.503490E-4   9.805025E-1   -2.900000E-3
 30           6.107358E+5   5.607260E+2   4.229825E-4   9.798597E-1   -3.263707E-3
 31           6.112280E+5   5.609341E+2   3.881988E-4   9.791803E-1   -3.800000E-3
 32           6.117201E+5   5.611252E+2   3.881988E-4   9.784543E-1   -3.800000E-3
 33           6.122122E+5   5.613162E+2   3.881988E-4   9.777284E-1   -3.800000E-3
 34           6.127044E+5   5.615073E+2   3.881988E-4   9.770024E-1   -3.800000E-3
 35           6.131965E+5   5.616983E+2   3.749042E-4   9.762764E-1   -4.031261E-3
 36           6.136887E+5   5.618828E+2   3.236770E-4   9.755326E-1   -5.100000E-3
 37           6.141808E+5   5.620421E+2   3.236770E-4   9.747202E-1   -5.100000E-3
 38           6.146729E+5   5.622014E+2   3.236770E-4   9.739078E-1   -5.100000E-3
 39           6.151651E+5   5.623607E+2   3.236770E-4   9.730954E-1   -5.100000E-3
 40           6.156572E+5   5.625200E+2   3.236770E-4   9.722830E-1   -5.100000E-3
 41           6.161494E+5   5.626793E+2   3.236770E-4   9.714706E-1   -5.100000E-3
 42           6.166415E+5   5.628386E+2   2.553941E-4   9.706582E-1   -7.191184E-3
 43           6.171336E+5   5.629643E+2   2.501251E-4   9.697543E-1   -7.400000E-3
 44           6.176258E+5   5.630874E+2   2.501251E-4   9.688434E-1   -7.400000E-3
 45           6.181179E+5   5.632105E+2   2.501251E-4   9.679325E-1   -7.400000E-3
 46           6.186101E+5   5.633336E+2   2.501251E-4   9.670216E-1   -7.400000E-3
 47           6.191022E+5   5.634567E+2   2.501251E-4   9.661107E-1   -7.400000E-3
 48           6.195943E+5   5.635798E+2   2.501251E-4   9.651998E-1   -7.400000E-3
 49           6.200865E+5   5.637029E+2   2.501251E-4   9.642889E-1   -7.400000E-3
 50           6.205786E+5   5.638260E+2   1.962465E-4   9.633779E-1   -1.017882E-2
 51           6.210708E+5   5.639225E+2   1.831670E-4   9.623949E-1   -1.110000E-2
 52           6.215629E+5   5.640127E+2   1.831670E-4   9.613943E-1   -1.110000E-2
 53           6.220550E+5   5.641028E+2   1.831670E-4   9.603937E-1   -1.110000E-2
 54           6.225472E+5   5.641930E+2   1.831670E-4   9.593931E-1   -1.110000E-2
 55           6.230393E+5   5.642831E+2   1.831670E-4   9.583925E-1   -1.110000E-2
 56           6.235315E+5   5.643733E+2   1.831670E-4   9.573919E-1   -1.110000E-2
 57           6.240236E+5   5.644634E+2   1.831670E-4   9.563913E-1   -1.110000E-2
 58           6.245157E+5   5.645535E+2   1.831670E-4   9.553907E-1   -1.110000E-2
 59           6.250079E+5   5.646437E+2   1.831670E-4   9.543901E-1   -1.110000E-2
 60           6.255000E+5   5.647338E+2   1.831670E-4   9.533895E-1   -1.110000E-2
 61           6.259922E+5   5.648240E+2   1.595905E-4   9.523889E-1   -1.314187E-2
 62           6.264843E+5   5.649025E+2   1.500202E-4   9.513567E-1   -1.415385E-2
 63           6.269764E+5   5.649763E+2   4.492432E-4   9.503117E-1   -2.913838E-3
 64           6.274686E+5   5.651974E+2   7.363851E-4   9.496675E-1   -7.164179E-4
 65           6.279607E+5   5.655598E+2   7.289437E-4   9.494079E-1   -7.515143E-4
 66           6.284529E+5   5.659186E+2   6.990563E-4   9.491383E-1   -9.000000E-4
 67           6.289450E+5   5.662626E+2   6.990563E-4   9.488286E-1   -9.000000E-4
 68           6.294371E+5   5.666067E+2   7.048658E-4   9.485190E-1   -8.701514E-4
 69           6.299293E+5   5.669535E+2   7.189073E-4   9.482172E-1   -8.000000E-4
 70           6.304214E+5   5.673073E+2   7.189073E-4   9.479341E-1   -8.000000E-4
 71           6.309136E+5   5.676611E+2   7.008946E-4   9.476511E-1   -8.905016E-4
 72           6.314057E+5   5.680061E+2   6.802721E-4   9.473439E-1   -1.000000E-3
 73           6.318978E+5   5.683409E+2   6.802721E-4   9.470091E-1   -1.000000E-3
 74           6.323900E+5   5.686757E+2   6.837595E-4   9.466743E-1   -9.810192E-4
 75           6.328821E+5   5.690122E+2   7.013596E-4   9.463442E-1   -8.881065E-4
 76           6.333743E+5   5.693573E+2   7.430892E-4   9.460377E-1   -6.854010E-4
 77           6.338664E+5   5.697230E+2   7.273023E-4   9.457870E-1   -7.593523E-4
 78           6.343585E+5   5.700810E+2   7.189073E-4   9.455152E-1   -8.000000E-4
 79           6.348507E+5   5.704348E+2   7.189073E-4   9.452322E-1   -8.000000E-4
 80           6.353428E+5   5.707886E+2   7.025022E-4   9.449491E-1   -8.822356E-4
 81           6.358350E+5   5.711343E+2   6.990563E-4   9.446441E-1   -9.000000E-4
 82           6.363271E+5   5.714783E+2   6.990563E-4   9.443345E-1   -9.000000E-4
 83           6.368192E+5   5.718224E+2   7.173136E-4   9.440249E-1   -8.078239E-4
 84           6.373114E+5   5.721754E+2   7.189073E-4   9.437397E-1   -8.000000E-4
 85           6.378035E+5   5.725292E+2   7.170554E-4   9.434566E-1   -8.090945E-4
 86           6.382957E+5   5.728821E+2   6.990563E-4   9.431711E-1   -9.000000E-4
 87           6.387878E+5   5.732261E+2   6.990563E-4   9.428615E-1   -9.000000E-4
 88           6.392799E+5   5.735702E+2   6.955513E-4   9.425519E-1   -9.182495E-4
 89           6.397721E+5   5.739125E+2   6.802721E-4   9.422375E-1   -1.000000E-3
 90           6.402642E+5   5.742473E+2   6.802721E-4   9.419027E-1   -1.000000E-3
 91           6.407564E+5   5.745820E+2   6.840222E-4   9.415680E-1   -9.795972E-4
 92           6.412485E+5   5.749187E+2   6.990563E-4   9.412382E-1   -9.000000E-4
 93           6.417406E+5   5.752627E+2   6.990563E-4   9.409286E-1   -9.000000E-4
 94           6.422328E+5   5.756068E+2   6.935535E-4   9.406189E-1   -9.287337E-4
 95           6.427249E+5   5.759481E+2   6.802721E-4   9.403019E-1   -1.000000E-3
 96           6.432171E+5   5.762829E+2   6.802721E-4   9.399671E-1   -1.000000E-3
 97           6.437092E+5   5.766177E+2   6.748251E-4   9.396323E-1   -1.030039E-3
 98           6.442013E+5   5.769498E+2   6.624710E-4   9.392903E-1   -1.100000E-3
 99           6.446935E+5   5.772758E+2   6.624710E-4   9.389316E-1   -1.100000E-3
 100          6.451856E+5   5.776018E+2   6.624710E-4   9.385730E-1   -1.100000E-3
 101          6.456778E+5   5.779278E+2   6.624710E-4   9.382144E-1   -1.100000E-3
 102          6.461699E+5   5.782539E+2   6.624710E-4   9.378557E-1   -1.100000E-3
 103          6.466620E+5   5.785799E+2   6.667733E-4   9.374971E-1   -1.075342E-3
 104          6.471542E+5   5.789081E+2   6.774589E-4   9.371442E-1   -1.015454E-3
 105          6.476463E+5   5.792415E+2   6.694101E-4   9.368057E-1   -1.060386E-3
 106          6.481385E+5   5.795709E+2   6.694101E-4   9.364563E-1   -1.060386E-3
 107          6.486306E+5   5.799003E+2   6.694101E-4   9.361070E-1   -1.060386E-3
 108          6.491227E+5   5.802298E+2   6.694101E-4   9.357577E-1   -1.060386E-3
 109          6.496149E+5   5.805592E+2   6.666124E-4   9.354083E-1   -1.076258E-3
 110          6.501070E+5   5.808873E+2   6.455778E-4   9.350552E-1   -1.200000E-3
 111          6.505992E+5   5.812050E+2   6.455778E-4   9.346740E-1   -1.200000E-3
 112          6.510913E+5   5.815227E+2   6.455778E-4   9.342927E-1   -1.200000E-3
 113          6.515834E+5   5.818404E+2   6.455778E-4   9.339115E-1   -1.200000E-3
 114          6.520756E+5   5.821582E+2   6.455778E-4   9.335302E-1   -1.200000E-3
 115          6.525677E+5   5.824759E+2   6.455778E-4   9.331490E-1   -1.200000E-3
 116          6.530599E+5   5.827936E+2   6.455778E-4   9.327677E-1   -1.200000E-3
 117          6.535520E+5   5.831113E+2   6.455778E-4   9.323864E-1   -1.200000E-3
 118          6.540441E+5   5.834290E+2   6.455778E-4   9.320052E-1   -1.200000E-3
 119          6.545363E+5   5.837467E+2   6.347426E-4   9.316239E-1   -1.266941E-3
 120          6.550284E+5   5.840591E+2   6.295247E-4   9.312282E-1   -1.300000E-3
 121          6.555206E+5   5.843689E+2   6.295247E-4   9.308254E-1   -1.300000E-3
 122          6.560127E+5   5.846787E+2   6.226938E-4   9.304226E-1   -1.344115E-3
 123          6.565048E+5   5.849852E+2   6.142506E-4   9.300107E-1   -1.400000E-3
 124          6.569970E+5   5.852875E+2   6.142506E-4   9.295875E-1   -1.400000E-3
 125          6.574891E+5   5.855898E+2   6.142506E-4   9.291643E-1   -1.400000E-3
 126          6.579813E+5   5.858921E+2   6.142506E-4   9.287411E-1   -1.400000E-3
 127          6.584734E+5   5.861944E+2   6.142506E-4   9.283179E-1   -1.400000E-3
 128          6.589655E+5   5.864967E+2   6.142506E-4   9.278946E-1   -1.400000E-3
 129          6.594577E+5   5.867990E+2   6.142506E-4   9.274714E-1   -1.400000E-3
 130          6.599498E+5   5.871013E+2   6.142506E-4   9.270482E-1   -1.400000E-3
 131          6.604420E+5   5.874036E+2   6.142506E-4   9.266250E-1   -1.400000E-3
 132          6.609341E+5   5.877059E+2   5.993769E-4   9.262018E-1   -1.502277E-3
 133          6.614262E+5   5.880008E+2   5.858231E-4   9.257586E-1   -1.600000E-3
 134          6.619184E+5   5.882892E+2   5.858231E-4   9.252974E-1   -1.600000E-3
 135          6.624105E+5   5.885775E+2   5.858231E-4   9.248361E-1   -1.600000E-3
 136          6.629027E+5   5.888658E+2   5.858231E-4   9.243748E-1   -1.600000E-3
 137          6.633948E+5   5.891541E+2   5.858231E-4   9.239135E-1   -1.600000E-3
 138          6.638869E+5   5.894424E+2   5.858231E-4   9.234522E-1   -1.600000E-3
 139          6.643791E+5   5.897307E+2   5.946331E-4   9.229909E-1   -1.535973E-3
 140          6.648712E+5   5.900233E+2   6.008529E-4   9.225414E-1   -1.491901E-3
 141          6.653634E+5   5.903190E+2   5.731655E-4   9.221002E-1   -1.695435E-3
 142          6.658555E+5   5.906011E+2   5.730823E-4   9.216220E-1   -1.696076E-3
 143          6.663476E+5   5.908832E+2   5.725737E-4   9.211436E-1   -1.700000E-3
 144          6.668398E+5   5.911649E+2   5.725737E-4   9.206646E-1   -1.700000E-3
 145          6.673319E+5   5.914467E+2   5.725737E-4   9.201856E-1   -1.700000E-3
 146          6.678241E+5   5.917285E+2   5.725737E-4   9.197065E-1   -1.700000E-3
 147          6.683162E+5   5.920103E+2   5.725737E-4   9.192275E-1   -1.700000E-3
 148          6.688083E+5   5.922921E+2   5.725737E-4   9.187485E-1   -1.700000E-3
 149          6.693005E+5   5.925739E+2   5.723196E-4   9.182694E-1   -1.701964E-3
 150          6.697926E+5   5.928555E+2   5.599104E-4   9.177900E-1   -1.800000E-3
 151          6.702848E+5   5.931311E+2   5.599104E-4   9.172940E-1   -1.800000E-3
 152          6.707769E+5   5.934066E+2   5.599104E-4   9.167980E-1   -1.800000E-3
 153          6.712690E+5   5.936822E+2   5.551731E-4   9.163021E-1   -1.838583E-3
 154          6.717612E+5   5.939554E+2   5.477951E-4   9.157997E-1   -1.900000E-3
 155          6.722533E+5   5.942250E+2   5.477951E-4   9.152875E-1   -1.900000E-3
 156          6.727455E+5   5.944946E+2   5.477951E-4   9.147753E-1   -1.900000E-3
 157          6.732376E+5   5.947642E+2   5.398858E-4   9.142630E-1   -1.967705E-3
 158          6.737297E+5   5.950299E+2   5.361930E-4   9.137402E-1   -2.000000E-3
 159          6.742219E+5   5.952938E+2   5.361930E-4   9.132125E-1   -2.000000E-3
 160          6.747140E+5   5.955577E+2   5.361930E-4   9.126847E-1   -2.000000E-3
 161          6.752062E+5   5.958215E+2   5.262717E-4   9.121569E-1   -2.089011E-3
 162          6.756983E+5   5.960805E+2   5.250722E-4   9.116159E-1   -2.100000E-3
 163          6.761904E+5   5.963389E+2   5.250722E-4   9.110732E-1   -2.100000E-3
 164          6.766826E+5   5.965974E+2   5.248342E-4   9.105306E-1   -2.102187E-3
 165          6.771747E+5   5.968556E+2   5.144033E-4   9.099876E-1   -2.200000E-3
 166          6.776669E+5   5.971088E+2   5.144033E-4   9.094306E-1   -2.200000E-3
 167          6.781590E+5   5.973620E+2   5.144033E-4   9.088737E-1   -2.200000E-3
 168          6.786511E+5   5.976151E+2   5.136635E-4   9.083167E-1   -2.207088E-3
 169          6.791433E+5   5.978679E+2   5.041593E-4   9.077588E-1   -2.300000E-3
 170          6.796354E+5   5.981160E+2   5.041593E-4   9.071881E-1   -2.300000E-3
 171          6.801276E+5   5.983642E+2   5.041593E-4   9.066175E-1   -2.300000E-3
 172          6.806197E+5   5.986123E+2   5.033510E-4   9.060468E-1   -2.308064E-3
 173          6.811119E+5   5.988600E+2   4.848485E-4   9.054750E-1   -2.500000E-3
 174          6.816040E+5   5.990986E+2   4.848485E-4   9.048785E-1   -2.500000E-3
 175          6.820961E+5   5.993372E+2   4.848485E-4   9.042820E-1   -2.500000E-3
 176          6.825883E+5   5.995758E+2   4.848485E-4   9.036854E-1   -2.500000E-3
 177          6.830804E+5   5.998144E+2   4.770951E-4   9.030889E-1   -2.584856E-3
 178          6.835726E+5   6.000492E+2   4.757374E-4   9.024820E-1   -2.600000E-3
 179          6.840647E+5   6.002834E+2   4.757374E-4   9.018732E-1   -2.600000E-3
 180          6.845568E+5   6.005175E+2   4.757374E-4   9.012645E-1   -2.600000E-3
 181          6.850490E+5   6.007516E+2   4.706493E-4   9.006558E-1   -2.657530E-3
 182          6.855411E+5   6.009833E+2   4.669624E-4   9.000402E-1   -2.700000E-3
 183          6.860333E+5   6.012131E+2   4.669624E-4   8.994197E-1   -2.700000E-3
 184          6.865254E+5   6.014429E+2   4.669624E-4   8.987992E-1   -2.700000E-3
 185          6.870175E+5   6.016727E+2   4.631673E-4   8.981787E-1   -2.744422E-3
 186          6.875097E+5   6.019006E+2   4.503490E-4   8.975532E-1   -2.900000E-3
 187          6.880018E+5   6.021223E+2   4.503490E-4   8.969104E-1   -2.900000E-3
 188          6.884940E+5   6.023439E+2   4.503490E-4   8.962677E-1   -2.900000E-3
 189          6.889861E+5   6.025655E+2   4.503490E-4   8.956250E-1   -2.900000E-3
 190          6.894782E+5   6.027872E+2   4.392633E-4   8.949822E-1   -3.041871E-3
 191          6.899704E+5   6.030033E+2   4.348771E-4   8.943246E-1   -3.100000E-3
 192          6.904625E+5   6.032174E+2   4.348771E-4   8.936612E-1   -3.100000E-3
 193          6.909547E+5   6.034314E+2   4.348771E-4   8.929977E-1   -3.100000E-3
 194          6.914468E+5   6.036454E+2   4.342408E-4   8.923342E-1   -3.108531E-3
 195          6.919389E+5   6.038591E+2   4.204330E-4   8.916699E-1   -3.300000E-3
 196          6.924311E+5   6.040660E+2   4.204330E-4   8.909871E-1   -3.300000E-3
 197          6.929232E+5   6.042729E+2   4.204330E-4   8.903043E-1   -3.300000E-3
 198          6.934154E+5   6.044799E+2   4.204330E-4   8.896215E-1   -3.300000E-3
 199          6.939075E+5   6.046868E+2   4.175801E-4   8.889387E-1   -3.341139E-3
 200          6.943996E+5   6.048923E+2   4.069176E-4   8.882520E-1   -3.500000E-3
 201          6.948918E+5   6.050925E+2   4.069176E-4   8.875511E-1   -3.500000E-3
 202          6.953839E+5   6.052928E+2   4.069176E-4   8.868502E-1   -3.500000E-3
 203          6.958761E+5   6.054931E+2   4.069176E-4   8.861493E-1   -3.500000E-3
 204          6.963682E+5   6.056933E+2   4.028446E-4   8.854484E-1   -3.562903E-3
 205          6.968603E+5   6.058916E+2   3.881988E-4   8.847420E-1   -3.800000E-3
 206          6.973525E+5   6.060826E+2   3.881988E-4   8.840161E-1   -3.800000E-3
 207          6.978446E+5   6.062737E+2   3.881988E-4   8.832901E-1   -3.800000E-3
 208          6.983368E+5   6.064647E+2   3.881988E-4   8.825641E-1   -3.800000E-3
 209          6.988289E+5   6.066558E+2   3.881988E-4   8.818381E-1   -3.800000E-3
 210          6.993210E+5   6.068468E+2   3.768407E-4   8.811121E-1   -3.996561E-3
 211          6.998132E+5   6.070323E+2   3.766478E-4   8.803709E-1   -4.000000E-3
 212          7.003053E+5   6.072176E+2   3.766478E-4   8.796295E-1   -4.000000E-3
 213          7.007975E+5   6.074030E+2   3.766478E-4   8.788880E-1   -4.000000E-3
 214          7.012896E+5   6.075884E+2   3.766478E-4   8.781466E-1   -4.000000E-3
 215          7.017817E+5   6.077737E+2   3.641978E-4   8.774051E-1   -4.229774E-3
 216          7.022739E+5   6.079530E+2   3.554924E-4   8.766470E-1   -4.400000E-3
 217          7.027660E+5   6.081279E+2   3.554924E-4   8.758772E-1   -4.400000E-3
 218          7.032582E+5   6.083029E+2   3.554924E-4   8.751074E-1   -4.400000E-3
 219          7.037503E+5   6.084778E+2   3.554924E-4   8.743376E-1   -4.400000E-3
 220          7.042424E+5   6.086528E+2   3.554924E-4   8.735678E-1   -4.400000E-3
 221          7.047346E+5   6.088277E+2   3.429523E-4   8.727980E-1   -4.660398E-3
 222          7.052267E+5   6.089965E+2   3.411223E-4   8.720114E-1   -4.700000E-3
 223          7.057189E+5   6.091644E+2   3.411223E-4   8.712224E-1   -4.700000E-3
 224          7.062110E+5   6.093323E+2   3.411223E-4   8.704334E-1   -4.700000E-3
 225          7.067031E+5   6.095001E+2   3.411223E-4   8.696443E-1   -4.700000E-3
 226          7.071953E+5   6.096680E+2   3.411223E-4   8.688553E-1   -4.700000E-3
 227          7.076874E+5   6.098359E+2   3.289820E-4   8.680663E-1   -4.973874E-3
 228          7.081796E+5   6.099978E+2   3.278689E-4   8.672610E-1   -5.000000E-3
 229          7.086717E+5   6.101592E+2   3.278689E-4   8.664542E-1   -5.000000E-3
 230          7.091638E+5   6.103205E+2   3.278689E-4   8.656474E-1   -5.000000E-3
 231          7.096560E+5   6.104819E+2   3.278689E-4   8.648406E-1   -5.000000E-3
 232          7.101481E+5   6.106432E+2   3.278689E-4   8.640338E-1   -5.000000E-3
 233          7.106403E+5   6.108046E+2   3.108813E-4   8.632270E-1   -5.421928E-3
 234          7.111324E+5   6.109576E+2   3.042288E-4   8.623975E-1   -5.600000E-3
 235          7.116245E+5   6.111073E+2   3.042288E-4   8.615590E-1   -5.600000E-3
 236          7.121167E+5   6.112570E+2   3.042288E-4   8.607206E-1   -5.600000E-3
 237          7.126088E+5   6.114068E+2   3.042288E-4   8.598821E-1   -5.600000E-3
 238          7.131010E+5   6.115565E+2   3.042288E-4   8.590437E-1   -5.600000E-3
 239          7.135931E+5   6.117062E+2   3.036763E-4   8.582052E-1   -5.615141E-3
 240          7.140852E+5   6.118557E+2   2.902758E-4   8.573661E-1   -6.000000E-3
 241          7.145774E+5   6.119985E+2   2.902758E-4   8.565089E-1   -6.000000E-3
 242          7.150695E+5   6.121414E+2   2.902758E-4   8.556518E-1   -6.000000E-3
 243          7.155617E+5   6.122842E+2   2.902758E-4   8.547946E-1   -6.000000E-3
 244          7.160538E+5   6.124271E+2   2.902758E-4   8.539375E-1   -6.000000E-3
 245          7.165459E+5   6.125699E+2   2.902758E-4   8.530804E-1   -6.000000E-3
 246          7.170381E+5   6.127128E+2   2.895366E-4   8.522232E-1   -6.022265E-3
 247          7.175302E+5   6.128553E+2   2.715915E-4   8.513651E-1   -6.600000E-3
 248          7.180224E+5   6.129889E+2   2.715915E-4   8.504829E-1   -6.600000E-3
 249          7.185145E+5   6.131226E+2   2.715915E-4   8.496008E-1   -6.600000E-3
 250          7.190066E+5   6.132563E+2   2.715915E-4   8.487186E-1   -6.600000E-3
 251          7.194988E+5   6.133899E+2   2.715915E-4   8.478364E-1   -6.600000E-3
 252          7.199909E+5   6.135236E+2   2.715915E-4   8.469543E-1   -6.600000E-3
 253          7.204831E+5   6.136573E+2   2.715915E-4   8.460721E-1   -6.600000E-3
 254          7.209752E+5   6.137909E+2   2.610069E-4   8.451900E-1   -6.978017E-3
 255          7.214673E+5   6.139194E+2   2.526209E-4   8.442936E-1   -7.300000E-3
 256          7.219595E+5   6.140437E+2   2.526209E-4   8.433860E-1   -7.300000E-3
 257          7.224516E+5   6.141680E+2   2.526209E-4   8.424785E-1   -7.300000E-3
 258          7.229438E+5   6.142923E+2   2.526209E-4   8.415709E-1   -7.300000E-3
 259          7.234359E+5   6.144167E+2   2.526209E-4   8.406633E-1   -7.300000E-3
 260          7.239280E+5   6.145410E+2   2.526209E-4   8.397558E-1   -7.300000E-3
 261          7.244202E+5   6.146653E+2   2.526209E-4   8.388482E-1   -7.300000E-3
 262          7.249123E+5   6.147896E+2   2.445806E-4   8.379406E-1   -7.629446E-3
 263          7.254045E+5   6.149100E+2   2.369938E-4   8.370223E-1   -7.960808E-3
 264          7.258966E+5   6.150266E+2   2.369938E-4   8.360938E-1   -7.960808E-3
 265          7.263887E+5   6.151433E+2   2.369938E-4   8.351653E-1   -7.960808E-3
 266          7.268809E+5   6.152599E+2   2.369938E-4   8.342368E-1   -7.960808E-3
 267          7.273730E+5   6.153765E+2   2.369938E-4   8.333083E-1   -7.960808E-3
 268          7.278652E+5   6.154932E+2   2.840247E-4   8.323798E-1   -6.191950E-3
 269          7.283573E+5   6.156330E+2   2.884447E-4   8.315143E-1   -6.055363E-3
 270          7.288494E+5   6.157749E+2   2.847602E-4   8.306547E-1   -6.168930E-3
 271          7.293416E+5   6.159151E+2   2.806230E-4   8.297901E-1   -6.300000E-3
 272          7.298337E+5   6.160532E+2   2.806230E-4   8.289201E-1   -6.300000E-3
 273          7.303259E+5   6.161913E+2   2.806230E-4   8.280500E-1   -6.300000E-3
 274          7.308180E+5   6.163294E+2   2.806230E-4   8.271799E-1   -6.300000E-3
 275          7.313101E+5   6.164675E+2   2.806230E-4   8.263099E-1   -6.300000E-3
 276          7.318023E+5   6.166056E+2   2.806230E-4   8.254398E-1   -6.300000E-3
 277          7.322944E+5   6.167437E+2   2.772300E-4   8.245697E-1   -6.410412E-3
 278          7.327866E+5   6.168801E+2   2.658867E-4   8.236951E-1   -6.800000E-3
 279          7.332787E+5   6.170110E+2   2.658867E-4   8.228053E-1   -6.800000E-3
 280          7.337708E+5   6.171418E+2   2.658867E-4   8.219155E-1   -6.800000E-3
 281          7.342630E+5   6.172727E+2   2.658867E-4   8.210257E-1   -6.800000E-3
 282          7.347551E+5   6.174035E+2   2.658867E-4   8.201359E-1   -6.800000E-3
 283          7.352473E+5   6.175344E+2   2.658867E-4   8.192461E-1   -6.800000E-3
 284          7.357394E+5   6.176652E+2   2.658867E-4   8.183563E-1   -6.800000E-3
 285          7.362315E+5   6.177961E+2   2.594539E-4   8.174665E-1   -7.036075E-3
 286          7.367237E+5   6.179238E+2   2.549486E-4   8.165681E-1   -7.208506E-3
 287          7.372158E+5   6.180493E+2   2.549486E-4   8.156636E-1   -7.208506E-3
 288          7.377080E+5   6.181747E+2   2.549486E-4   8.147592E-1   -7.208506E-3
 289          7.382001E+5   6.183002E+2   2.540925E-4   8.138547E-1   -7.241959E-3
 290          7.386922E+5   6.184253E+2   2.497780E-4   8.129491E-1   -7.414064E-3
 291          7.391844E+5   6.185482E+2   2.497780E-4   8.120377E-1   -7.414064E-3
 292          7.396765E+5   6.186711E+2   2.497780E-4   8.111264E-1   -7.414064E-3
 293          7.401687E+5   6.187940E+2   2.435538E-4   8.102150E-1   -7.673085E-3
 294          7.406608E+5   6.189139E+2   2.383506E-4   8.092953E-1   -7.900000E-3
 295          7.411529E+5   6.190312E+2   2.383506E-4   8.083686E-1   -7.900000E-3
 296          7.416451E+5   6.191485E+2   2.383506E-4   8.074419E-1   -7.900000E-3
 297          7.421372E+5   6.192658E+2   2.383506E-4   8.065152E-1   -7.900000E-3
 298          7.426294E+5   6.193831E+2   2.383506E-4   8.055885E-1   -7.900000E-3
 299          7.431215E+5   6.195004E+2   2.383506E-4   8.046618E-1   -7.900000E-3
 300          7.436136E+5   6.196177E+2   2.383506E-4   8.037352E-1   -7.900000E-3
 301          7.441058E+5   6.197350E+2   2.380224E-4   8.028085E-1   -7.914646E-3
 302          7.445979E+5   6.198521E+2   2.216558E-4   8.018813E-1   -8.700000E-3
 303          7.450901E+5   6.199612E+2   2.216558E-4   8.009323E-1   -8.700000E-3
 304          7.455822E+5   6.200703E+2   2.216558E-4   7.999833E-1   -8.700000E-3
 305          7.460743E+5   6.201794E+2   2.216558E-4   7.990342E-1   -8.700000E-3
 306          7.465665E+5   6.202885E+2   2.216558E-4   7.980852E-1   -8.700000E-3
 307          7.470586E+5   6.203976E+2   2.216558E-4   7.971361E-1   -8.700000E-3
 308          7.475508E+5   6.205067E+2   2.216558E-4   7.961871E-1   -8.700000E-3
 309          7.480429E+5   6.206157E+2   2.216558E-4   7.952380E-1   -8.700000E-3
 310          7.485350E+5   6.207248E+2   2.216558E-4   7.942890E-1   -8.700000E-3
 311          7.490272E+5   6.208339E+2   2.092859E-4   7.933399E-1   -9.375072E-3
 312          7.495193E+5   6.209369E+2   2.071466E-4   7.923743E-1   -9.500000E-3
 313          7.500115E+5   6.210389E+2   2.071466E-4   7.914058E-1   -9.500000E-3
 314          7.505036E+5   6.211408E+2   2.071466E-4   7.904374E-1   -9.500000E-3
 315          7.509957E+5   6.212427E+2   2.071466E-4   7.894689E-1   -9.500000E-3
 316          7.514879E+5   6.213447E+2   2.071466E-4   7.885004E-1   -9.500000E-3
 317          7.519800E+5   6.214466E+2   2.071466E-4   7.875319E-1   -9.500000E-3
 318          7.524722E+5   6.215486E+2   2.071466E-4   7.865634E-1   -9.500000E-3
 319          7.529643E+5   6.216505E+2   2.071466E-4   7.855950E-1   -9.500000E-3
 320          7.534564E+5   6.217525E+2   2.065305E-4   7.846265E-1   -9.536453E-3
 321          7.539486E+5   6.218541E+2   1.929385E-4   7.836572E-1   -1.040000E-2
 322          7.544407E+5   6.219491E+2   1.929385E-4   7.826697E-1   -1.040000E-2
 323          7.549329E+5   6.220440E+2   1.929385E-4   7.816822E-1   -1.040000E-2
 324          7.554250E+5   6.221390E+2   1.929385E-4   7.806947E-1   -1.040000E-2
 325          7.559171E+5   6.222339E+2   1.929385E-4   7.797072E-1   -1.040000E-2
 326          7.564093E+5   6.223289E+2   1.929385E-4   7.787196E-1   -1.040000E-2
 327          7.569014E+5   6.224238E+2   1.929385E-4   7.777321E-1   -1.040000E-2
 328          7.573936E+5   6.225188E+2   1.929385E-4   7.767446E-1   -1.040000E-2
 329          7.578857E+5   6.226137E+2   1.929385E-4   7.757571E-1   -1.040000E-2
 330          7.583778E+5   6.227087E+2   1.929385E-4   7.747696E-1   -1.040000E-2
 331          7.588700E+5   6.228036E+2   1.846645E-4   7.737821E-1   -1.098792E-2
 332          7.593621E+5   6.228945E+2   1.767721E-4   7.727835E-1   -1.160000E-2
 333          7.598543E+5   6.229815E+2   1.767721E-4   7.717743E-1   -1.160000E-2
 334          7.603464E+5   6.230685E+2   1.767721E-4   7.707652E-1   -1.160000E-2
 335          7.608385E+5   6.231555E+2   1.767721E-4   7.697560E-1   -1.160000E-2
 336          7.613307E+5   6.232425E+2   1.767721E-4   7.687469E-1   -1.160000E-2
 337          7.618228E+5   6.233295E+2   1.767721E-4   7.677377E-1   -1.160000E-2
 338          7.623150E+5   6.234165E+2   1.767721E-4   7.667285E-1   -1.160000E-2
 339          7.628071E+5   6.235035E+2   1.767721E-4   7.657194E-1   -1.160000E-2
 340          7.632992E+5   6.235905E+2   1.767721E-4   7.647102E-1   -1.160000E-2
 341          7.637914E+5   6.236775E+2   1.767721E-4   7.637011E-1   -1.160000E-2
 342          7.642835E+5   6.237645E+2   1.765564E-4   7.626919E-1   -1.161750E-2
 343          7.647757E+5   6.238514E+2   1.641632E-4   7.616824E-1   -1.270000E-2
 344          7.652678E+5   6.239322E+2   1.641632E-4   7.606564E-1   -1.270000E-2
 345          7.657600E+5   6.240130E+2   1.641632E-4   7.596303E-1   -1.270000E-2
 346          7.662521E+5   6.240938E+2   1.641632E-4   7.586043E-1   -1.270000E-2
 347          7.667442E+5   6.241745E+2   1.641632E-4   7.575782E-1   -1.270000E-2
 348          7.672364E+5   6.242553E+2   1.641632E-4   7.565522E-1   -1.270000E-2
 349          7.677285E+5   6.243361E+2   1.641632E-4   7.555261E-1   -1.270000E-2
 350          7.682207E+5   6.244169E+2   1.641632E-4   7.545001E-1   -1.270000E-2
 351          7.687128E+5   6.244977E+2   1.641632E-4   7.534741E-1   -1.270000E-2
 352          7.692049E+5   6.245785E+2   1.641632E-4   7.524480E-1   -1.270000E-2
 353          7.696971E+5   6.246593E+2   1.641632E-4   7.514220E-1   -1.270000E-2
 354          7.701892E+5   6.247401E+2   1.641632E-4   7.503959E-1   -1.270000E-2
 355          7.706814E+5   6.248209E+2   1.542944E-4   7.493699E-1   -1.368637E-2
 356          7.711735E+5   6.248968E+2   1.487321E-4   7.483306E-1   -1.430000E-2
 357          7.716656E+5   6.249700E+2   1.487321E-4   7.472839E-1   -1.430000E-2
 358          7.721578E+5   6.250432E+2   1.487321E-4   7.462372E-1   -1.430000E-2
 359          7.726499E+5   6.251164E+2   1.487321E-4   7.451904E-1   -1.430000E-2
 360          7.731421E+5   6.251896E+2   1.487321E-4   7.441437E-1   -1.430000E-2
 361          7.736342E+5   6.252628E+2   1.487321E-4   7.430970E-1   -1.430000E-2
 362          7.741263E+5   6.253360E+2   1.487321E-4   7.420503E-1   -1.430000E-2
 363          7.746185E+5   6.254092E+2   1.487321E-4   7.410036E-1   -1.430000E-2
 364          7.751106E+5   6.254824E+2   1.487321E-4   7.399568E-1   -1.430000E-2
 365          7.756028E+5   6.255556E+2   1.487321E-4   7.389101E-1   -1.430000E-2
 366          7.760949E+5   6.256288E+2   1.487321E-4   7.378634E-1   -1.430000E-2
 367          7.765870E+5   6.257020E+2   1.487321E-4   7.368167E-1   -1.430000E-2
 368          7.770792E+5   6.257752E+2   1.487321E-4   7.357700E-1   -1.430000E-2
 369          7.775713E+5   6.258484E+2   1.355266E-4   7.347233E-1   -1.595854E-2
 370          7.780635E+5   6.259151E+2   1.352265E-4   7.336589E-1   -1.600000E-2
 371          7.785556E+5   6.259816E+2   1.352265E-4   7.325941E-1   -1.600000E-2
 372          7.790477E+5   6.260482E+2   1.352265E-4   7.315292E-1   -1.600000E-2
 373          7.795399E+5   6.261147E+2   1.352265E-4   7.304644E-1   -1.600000E-2
 374          7.800320E+5   6.261813E+2   1.352265E-4   7.293996E-1   -1.600000E-2
 375          7.805242E+5   6.262478E+2   1.352265E-4   7.283348E-1   -1.600000E-2
 376          7.810163E+5   6.263144E+2   1.352265E-4   7.272700E-1   -1.600000E-2
 377          7.815084E+5   6.263809E+2   1.352265E-4   7.262052E-1   -1.600000E-2
 378          7.820006E+5   6.264475E+2   1.352265E-4   7.251404E-1   -1.600000E-2
 379          7.824927E+5   6.265140E+2   1.352265E-4   7.240756E-1   -1.600000E-2
 380          7.829849E+5   6.265806E+2   1.352265E-4   7.230108E-1   -1.600000E-2
 381          7.834770E+5   6.266471E+2   1.352265E-4   7.219460E-1   -1.600000E-2
 382          7.839691E+5   6.267137E+2   1.352265E-4   7.208812E-1   -1.600000E-2
 383          7.844613E+5   6.267802E+2   1.352265E-4   7.198164E-1   -1.600000E-2
 384          7.849534E+5   6.268468E+2   1.216955E-4   7.187516E-1   -1.808160E-2
 385          7.854456E+5   6.269067E+2   1.210068E-4   7.176686E-1   -1.820000E-2
 386          7.859377E+5   6.269662E+2   1.210068E-4   7.165848E-1   -1.820000E-2
 387          7.864298E+5   6.270258E+2   1.210068E-4   7.155009E-1   -1.820000E-2
 388          7.869220E+5   6.270853E+2   1.210068E-4   7.144171E-1   -1.820000E-2
 389          7.874141E+5   6.271449E+2   1.210068E-4   7.133332E-1   -1.820000E-2
 390          7.879063E+5   6.272044E+2   1.210068E-4   7.122494E-1   -1.820000E-2
 391          7.883984E+5   6.272640E+2   1.210068E-4   7.111655E-1   -1.820000E-2
 392          7.888905E+5   6.273235E+2   1.210068E-4   7.100817E-1   -1.820000E-2
 393          7.893827E+5   6.273831E+2   1.210068E-4   7.089978E-1   -1.820000E-2
 394          7.898748E+5   6.274426E+2   1.210068E-4   7.079140E-1   -1.820000E-2
 395          7.903670E+5   6.275022E+2   1.210068E-4   7.068301E-1   -1.820000E-2
 396          7.908591E+5   6.275617E+2   1.210068E-4   7.057463E-1   -1.820000E-2
 397          7.913512E+5   6.276213E+2   1.210068E-4   7.046624E-1   -1.820000E-2
 398          7.918434E+5   6.276808E+2   1.210068E-4   7.035786E-1   -1.820000E-2
 399          7.923355E+5   6.277404E+2   1.210068E-4   7.024947E-1   -1.820000E-2
 400          7.928277E+5   6.278000E+2   1.189978E-4   7.014109E-1   -1.855320E-2
 401          7.933198E+5   6.278585E+2   1.084196E-4   7.003243E-1   -2.062893E-2
 402          7.938119E+5   6.279119E+2   1.084196E-4   6.992236E-1   -2.062893E-2
 403          7.943041E+5   6.279652E+2   1.084196E-4   6.981229E-1   -2.062893E-2
 404          7.947962E+5   6.280186E+2   1.084196E-4   6.970222E-1   -2.062893E-2
 405          7.952884E+5   6.280719E+2   1.084196E-4   6.959215E-1   -2.062893E-2
 406          7.957805E+5   6.281253E+2   1.084196E-4   6.948208E-1   -2.062893E-2
 407          7.962726E+5   6.281787E+2   1.084196E-4   6.937201E-1   -2.062893E-2
 408          7.967648E+5   6.282320E+2   1.084196E-4   6.926193E-1   -2.062893E-2
 409          7.972569E+5   6.282854E+2   1.084196E-4   6.915186E-1   -2.062893E-2
 410          7.977491E+5   6.283387E+2   1.084196E-4   6.904179E-1   -2.062893E-2
 411          7.982412E+5   6.283921E+2   1.084196E-4   6.893172E-1   -2.062893E-2
 412          7.987333E+5   6.284454E+2   1.084196E-4   6.882165E-1   -2.062893E-2
 413          7.992255E+5   6.284988E+2   1.084196E-4   6.871158E-1   -2.062893E-2
 414          7.997176E+5   6.285522E+2   1.084196E-4   6.860151E-1   -2.062893E-2
 415          8.002098E+5   6.286055E+2   1.152107E-4   6.849144E-1   -1.925254E-2
 416          8.007019E+5   6.286622E+2   1.345255E-4   6.838228E-1   -1.609756E-2
 417          8.011940E+5   6.287284E+2   1.345255E-4   6.827570E-1   -1.609756E-2
 418          8.016862E+5   6.287946E+2   1.326005E-4   6.816913E-1   -1.637076E-2
 419          8.021783E+5   6.288599E+2   1.227672E-4   6.806229E-1   -1.790000E-2
 420          8.026705E+5   6.289203E+2   1.227672E-4   6.795415E-1   -1.790000E-2
 421          8.031626E+5   6.289807E+2   1.227672E-4   6.784600E-1   -1.790000E-2
 422          8.036547E+5   6.290411E+2   1.227672E-4   6.773785E-1   -1.790000E-2
 423          8.041469E+5   6.291016E+2   1.227672E-4   6.762970E-1   -1.790000E-2
 424          8.046390E+5   6.291620E+2   1.227672E-4   6.752155E-1   -1.790000E-2
 425          8.051312E+5   6.292224E+2   1.227672E-4   6.741340E-1   -1.790000E-2
 426          8.056233E+5   6.292828E+2   1.227672E-4   6.730525E-1   -1.790000E-2
 427          8.061154E+5   6.293432E+2   1.227672E-4   6.719710E-1   -1.790000E-2
 428          8.066076E+5   6.294037E+2   1.227672E-4   6.708895E-1   -1.790000E-2
 429          8.070997E+5   6.294641E+2   1.227672E-4   6.698080E-1   -1.790000E-2
 430          8.075919E+5   6.295245E+2   1.227672E-4   6.687265E-1   -1.790000E-2
 431          8.080840E+5   6.295849E+2   1.227672E-4   6.676450E-1   -1.790000E-2
 432          8.085761E+5   6.296453E+2   1.227672E-4   6.665635E-1   -1.790000E-2
 433          8.090683E+5   6.297058E+2   1.227672E-4   6.654820E-1   -1.790000E-2
 434          8.095604E+5   6.297662E+2   1.227672E-4   6.644005E-1   -1.790000E-2
 435          8.100526E+5   6.298266E+2   1.158171E-4   6.633190E-1   -1.913749E-2
 436          8.105447E+5   6.298836E+2   1.114206E-4   6.622282E-1   -2.000000E-2
 437          8.110368E+5   6.299384E+2   1.114206E-4   6.611316E-1   -2.000000E-2
 438          8.115290E+5   6.299933E+2   1.114206E-4   6.600349E-1   -2.000000E-2
 439          8.120211E+5   6.300481E+2   1.114206E-4   6.589382E-1   -2.000000E-2
 440          8.125133E+5   6.301029E+2   1.114206E-4   6.578415E-1   -2.000000E-2
 441          8.130054E+5   6.301578E+2   1.114206E-4   6.567448E-1   -2.000000E-2
 442          8.134975E+5   6.302126E+2   1.114206E-4   6.556481E-1   -2.000000E-2
 443          8.139897E+5   6.302674E+2   1.114206E-4   6.545514E-1   -2.000000E-2
 444          8.144818E+5   6.303223E+2   1.114206E-4   6.534547E-1   -2.000000E-2
 445          8.149740E+5   6.303771E+2   1.114206E-4   6.523580E-1   -2.000000E-2
 446          8.154661E+5   6.304319E+2   1.114206E-4   6.512613E-1   -2.000000E-2
 447          8.159582E+5   6.304868E+2   1.114206E-4   6.501646E-1   -2.000000E-2
 448          8.164504E+5   6.305416E+2   1.114206E-4   6.490679E-1   -2.000000E-2
 449          8.169425E+5   6.305964E+2   1.114206E-4   6.479713E-1   -2.000000E-2
 450          8.174347E+5   6.306513E+2   1.114206E-4   6.468746E-1   -2.000000E-2
 451          8.179268E+5   6.307061E+2   1.114206E-4   6.457779E-1   -2.000000E-2
 452          8.184189E+5   6.307609E+2   1.114206E-4   6.446812E-1   -2.000000E-2
 453          8.189111E+5   6.308158E+2   1.087381E-4   6.435845E-1   -2.056053E-2
 454          8.194032E+5   6.308693E+2   1.042835E-4   6.424842E-1   -2.155504E-2
 455          8.198954E+5   6.309206E+2   1.042835E-4   6.413780E-1   -2.155504E-2
 456          8.203875E+5   6.309719E+2   1.042835E-4   6.402717E-1   -2.155504E-2
 457          8.208796E+5   6.310233E+2   1.042835E-4   6.391655E-1   -2.155504E-2
 458          8.213718E+5   6.310746E+2   1.042835E-4   6.380592E-1   -2.155504E-2
 459          8.218639E+5   6.311259E+2   1.042835E-4   6.369530E-1   -2.155504E-2
 460          8.223561E+5   6.311772E+2   1.042835E-4   6.358467E-1   -2.155504E-2
 461          8.228482E+5   6.312285E+2   1.131717E-4   6.347405E-1   -1.964843E-2
 462          8.233403E+5   6.312842E+2   1.156403E-4   6.336461E-1   -1.917090E-2
 463          8.238325E+5   6.313412E+2   1.156403E-4   6.325551E-1   -1.917090E-2
 464          8.243246E+5   6.313981E+2   1.156403E-4   6.314640E-1   -1.917090E-2
 465          8.248168E+5   6.314550E+2   1.156403E-4   6.303730E-1   -1.917090E-2
 466          8.253089E+5   6.315119E+2   1.156403E-4   6.292820E-1   -1.917090E-2
 467          8.258010E+5   6.315688E+2   1.156403E-4   6.281909E-1   -1.917090E-2
 468          8.262932E+5   6.316257E+2   1.156403E-4   6.270999E-1   -1.917090E-2
 469          8.267853E+5   6.316826E+2   1.156403E-4   6.260088E-1   -1.917090E-2
 470          8.272775E+5   6.317395E+2   1.156403E-4   6.249178E-1   -1.917090E-2
 471          8.277696E+5   6.317964E+2   1.151416E-4   6.238268E-1   -1.926572E-2
 472          8.282617E+5   6.318531E+2   1.071754E-4   6.227351E-1   -2.090000E-2
 473          8.287539E+5   6.319059E+2   1.071754E-4   6.216327E-1   -2.090000E-2
 474          8.292460E+5   6.319586E+2   1.071754E-4   6.205303E-1   -2.090000E-2
 475          8.297382E+5   6.320113E+2   1.071754E-4   6.194279E-1   -2.090000E-2
 476          8.302303E+5   6.320641E+2   1.071754E-4   6.183255E-1   -2.090000E-2
 477          8.307224E+5   6.321168E+2   1.071754E-4   6.172232E-1   -2.090000E-2
 478          8.312146E+5   6.321696E+2   1.071754E-4   6.161208E-1   -2.090000E-2
 479          8.317067E+5   6.322223E+2   1.071754E-4   6.150184E-1   -2.090000E-2
 480          8.321989E+5   6.322751E+2   1.071754E-4   6.139160E-1   -2.090000E-2
 481          8.326910E+5   6.323278E+2   1.071754E-4   6.128137E-1   -2.090000E-2
 482          8.331831E+5   6.323806E+2   1.071754E-4   6.117113E-1   -2.090000E-2
 483          8.336753E+5   6.324333E+2   1.071754E-4   6.106089E-1   -2.090000E-2
 484          8.341674E+5   6.324861E+2   1.071754E-4   6.095065E-1   -2.090000E-2
 485          8.346596E+5   6.325388E+2   1.071754E-4   6.084042E-1   -2.090000E-2
 486          8.351517E+5   6.325915E+2   1.071754E-4   6.073018E-1   -2.090000E-2
 487          8.356438E+5   6.326443E+2   1.071754E-4   6.061994E-1   -2.090000E-2
 488          8.361360E+5   6.326970E+2   1.071754E-4   6.050970E-1   -2.090000E-2
 489          8.366281E+5   6.327498E+2   1.071754E-4   6.039946E-1   -2.090000E-2
 490          8.371203E+5   6.328025E+2   1.062633E-4   6.028923E-1   -2.110275E-2
 491          8.376124E+5   6.328548E+2   9.804402E-5   6.017887E-1   -2.310000E-2
 492          8.381045E+5   6.329031E+2   9.804402E-5   6.006741E-1   -2.310000E-2
 493          8.385967E+5   6.329513E+2   9.804402E-5   5.995595E-1   -2.310000E-2
 494          8.390888E+5   6.329996E+2   9.804402E-5   5.984448E-1   -2.310000E-2
 495          8.395810E+5   6.330478E+2   9.804402E-5   5.973302E-1   -2.310000E-2
 496          8.400731E+5   6.330961E+2   9.804402E-5   5.962156E-1   -2.310000E-2
 497          8.405652E+5   6.331443E+2   9.804402E-5   5.951010E-1   -2.310000E-2
 498          8.410574E+5   6.331926E+2   9.804402E-5   5.939864E-1   -2.310000E-2
 499          8.415495E+5   6.332408E+2   9.804402E-5   5.928718E-1   -2.310000E-2
 500          8.420417E+5   6.332891E+2   9.804402E-5   5.917572E-1   -2.310000E-2
 501          8.425338E+5   6.333373E+2   9.804402E-5   5.906426E-1   -2.310000E-2
 502          8.430259E+5   6.333856E+2   9.804402E-5   5.895280E-1   -2.310000E-2
 503          8.435181E+5   6.334338E+2   9.804402E-5   5.884134E-1   -2.310000E-2
 504          8.440102E+5   6.334821E+2   9.804402E-5   5.872988E-1   -2.310000E-2
 505          8.445024E+5   6.335303E+2   9.804402E-5   5.861842E-1   -2.310000E-2
 506          8.449945E+5   6.335786E+2   9.804402E-5   5.850696E-1   -2.310000E-2
 507          8.454866E+5   6.336268E+2   9.804402E-5   5.839550E-1   -2.310000E-2
 508          8.459788E+5   6.336751E+2   9.804402E-5   5.828403E-1   -2.310000E-2
 509          8.464709E+5   6.337233E+2   9.804402E-5   5.817257E-1   -2.310000E-2
 510          8.469631E+5   6.337716E+2   9.804402E-5   5.806111E-1   -2.310000E-2
 511          8.474552E+5   6.338198E+2   9.456261E-5   5.794965E-1   -2.405064E-2
 512          8.479474E+5   6.338664E+2   8.876265E-5   5.783773E-1   -2.580000E-2
 513          8.484395E+5   6.339101E+2   8.876265E-5   5.772502E-1   -2.580000E-2
 514          8.489316E+5   6.339538E+2   8.876265E-5   5.761232E-1   -2.580000E-2
 515          8.494238E+5   6.339974E+2   8.876265E-5   5.749961E-1   -2.580000E-2
 516          8.499159E+5   6.340411E+2   8.876265E-5   5.738691E-1   -2.580000E-2
 517          8.504081E+5   6.340848E+2   8.876265E-5   5.727421E-1   -2.580000E-2
 518          8.509002E+5   6.341285E+2   8.876265E-5   5.716150E-1   -2.580000E-2
 519          8.513923E+5   6.341722E+2   8.876265E-5   5.704880E-1   -2.580000E-2
 520          8.518845E+5   6.342159E+2   8.876265E-5   5.693609E-1   -2.580000E-2
 521          8.523766E+5   6.342595E+2   8.876265E-5   5.682339E-1   -2.580000E-2
 522          8.528688E+5   6.343032E+2   8.876265E-5   5.671069E-1   -2.580000E-2
 523          8.533609E+5   6.343469E+2   8.876265E-5   5.659798E-1   -2.580000E-2
 524          8.538530E+5   6.343906E+2   8.876265E-5   5.648528E-1   -2.580000E-2
 525          8.543452E+5   6.344343E+2   8.876265E-5   5.637258E-1   -2.580000E-2
 526          8.548373E+5   6.344780E+2   8.876265E-5   5.625987E-1   -2.580000E-2
 527          8.553295E+5   6.345216E+2   8.876265E-5   5.614717E-1   -2.580000E-2
 528          8.558216E+5   6.345653E+2   8.876265E-5   5.603446E-1   -2.580000E-2
 529          8.563137E+5   6.346090E+2   8.876265E-5   5.592176E-1   -2.580000E-2
 530          8.568059E+5   6.346527E+2   8.876265E-5   5.580906E-1   -2.580000E-2
 531          8.572980E+5   6.346964E+2   8.876265E-5   5.569635E-1   -2.580000E-2
 532          8.577902E+5   6.347401E+2   8.876265E-5   5.558365E-1   -2.580000E-2
 533          8.582823E+5   6.347837E+2   8.876265E-5   5.547094E-1   -2.580000E-2
 534          8.587744E+5   6.348274E+2   8.480383E-5   5.535824E-1   -2.713144E-2
 535          8.592666E+5   6.348692E+2   8.057044E-5   5.524501E-1   -2.870000E-2
 536          8.597587E+5   6.349088E+2   8.057044E-5   5.513121E-1   -2.870000E-2
 537          8.602509E+5   6.349485E+2   8.057044E-5   5.501740E-1   -2.870000E-2
 538          8.607430E+5   6.349881E+2   8.057044E-5   5.490360E-1   -2.870000E-2
 539          8.612351E+5   6.350278E+2   8.057044E-5   5.478980E-1   -2.870000E-2
 540          8.617273E+5   6.350674E+2   8.057044E-5   5.467600E-1   -2.870000E-2
 541          8.622194E+5   6.351071E+2   8.057044E-5   5.456220E-1   -2.870000E-2
 542          8.627116E+5   6.351467E+2   8.057044E-5   5.444840E-1   -2.870000E-2
 543          8.632037E+5   6.351864E+2   8.057044E-5   5.433460E-1   -2.870000E-2
 544          8.636958E+5   6.352260E+2   8.057044E-5   5.422080E-1   -2.870000E-2
 545          8.641880E+5   6.352657E+2   8.057044E-5   5.410700E-1   -2.870000E-2
 546          8.646801E+5   6.353053E+2   8.057044E-5   5.399319E-1   -2.870000E-2
 547          8.651723E+5   6.353450E+2   8.057044E-5   5.387939E-1   -2.870000E-2
 548          8.656644E+5   6.353846E+2   8.057044E-5   5.376559E-1   -2.870000E-2
 549          8.661565E+5   6.354243E+2   8.057044E-5   5.365179E-1   -2.870000E-2
 550          8.666487E+5   6.354639E+2   8.057044E-5   5.353799E-1   -2.870000E-2
 551          8.671408E+5   6.355036E+2   8.057044E-5   5.342419E-1   -2.870000E-2
 552          8.676330E+5   6.355432E+2   8.057044E-5   5.331039E-1   -2.870000E-2
 553          8.681251E+5   6.355829E+2   8.057044E-5   5.319659E-1   -2.870000E-2
 554          8.686172E+5   6.356225E+2   8.057044E-5   5.308279E-1   -2.870000E-2
 555          8.691094E+5   6.356622E+2   8.057044E-5   5.296898E-1   -2.870000E-2
 556          8.696015E+5   6.357019E+2   8.057044E-5   5.285518E-1   -2.870000E-2
 557          8.700937E+5   6.357415E+2   8.057044E-5   5.274138E-1   -2.870000E-2
 558          8.705858E+5   6.357812E+2   8.057044E-5   5.262758E-1   -2.870000E-2
 559          8.710779E+5   6.358208E+2   7.844023E-5   5.251378E-1   -2.955332E-2
 560          8.715701E+5   6.358594E+2   7.249529E-5   5.239969E-1   -3.220000E-2
 561          8.720622E+5   6.358951E+2   7.249529E-5   5.228481E-1   -3.220000E-2
 562          8.725544E+5   6.359308E+2   7.249529E-5   5.216993E-1   -3.220000E-2
 563          8.730465E+5   6.359664E+2   7.249529E-5   5.205505E-1   -3.220000E-2
 564          8.735386E+5   6.360021E+2   7.249529E-5   5.194016E-1   -3.220000E-2
 565          8.740308E+5   6.360378E+2   7.249529E-5   5.182528E-1   -3.220000E-2
 566          8.745229E+5   6.360735E+2   7.249529E-5   5.171040E-1   -3.220000E-2
 567          8.750151E+5   6.361092E+2   7.249529E-5   5.159552E-1   -3.220000E-2
 568          8.755072E+5   6.361448E+2   7.249529E-5   5.148063E-1   -3.220000E-2
 569          8.759993E+5   6.361805E+2   7.249529E-5   5.136575E-1   -3.220000E-2
 570          8.764915E+5   6.362162E+2   7.249529E-5   5.125087E-1   -3.220000E-2
 571          8.769836E+5   6.362519E+2   7.249529E-5   5.113599E-1   -3.220000E-2
 572          8.774758E+5   6.362875E+2   7.249529E-5   5.102110E-1   -3.220000E-2
 573          8.779679E+5   6.363232E+2   7.249529E-5   5.090622E-1   -3.220000E-2
 574          8.784600E+5   6.363589E+2   7.249529E-5   5.079134E-1   -3.220000E-2
 575          8.789522E+5   6.363946E+2   7.249529E-5   5.067645E-1   -3.220000E-2
 576          8.794443E+5   6.364303E+2   7.249529E-5   5.056157E-1   -3.220000E-2
 577          8.799365E+5   6.364659E+2   7.249529E-5   5.044669E-1   -3.220000E-2
 578          8.804286E+5   6.365016E+2   7.249529E-5   5.033181E-1   -3.220000E-2
 579          8.809207E+5   6.365373E+2   7.249529E-5   5.021692E-1   -3.220000E-2
 580          8.814129E+5   6.365730E+2   7.249529E-5   5.010204E-1   -3.220000E-2
 581          8.819050E+5   6.366086E+2   7.249529E-5   4.998716E-1   -3.220000E-2
 582          8.823972E+5   6.366443E+2   7.249529E-5   4.987228E-1   -3.220000E-2
 583          8.828893E+5   6.366800E+2   7.249529E-5   4.975739E-1   -3.220000E-2
 584          8.833814E+5   6.367157E+2   7.249529E-5   4.964251E-1   -3.220000E-2
 585          8.838736E+5   6.367514E+2   7.249529E-5   4.952763E-1   -3.220000E-2
 586          8.843657E+5   6.367870E+2   7.249529E-5   4.941275E-1   -3.220000E-2
 587          8.848579E+5   6.368227E+2   7.066478E-5   4.929786E-1   -3.310461E-2
 588          8.853500E+5   6.368575E+2   6.471235E-5   4.918273E-1   -3.640000E-2
 589          8.858421E+5   6.368893E+2   6.471235E-5   4.906681E-1   -3.640000E-2
 590          8.863343E+5   6.369212E+2   6.471235E-5   4.895088E-1   -3.640000E-2
 591          8.868264E+5   6.369530E+2   6.471235E-5   4.883496E-1   -3.640000E-2
 592          8.873186E+5   6.369849E+2   6.471235E-5   4.871903E-1   -3.640000E-2
 593          8.878107E+5   6.370167E+2   6.471235E-5   4.860311E-1   -3.640000E-2
 594          8.883028E+5   6.370486E+2   6.471235E-5   4.848718E-1   -3.640000E-2
 595          8.887950E+5   6.370804E+2   6.471235E-5   4.837126E-1   -3.640000E-2
 596          8.892871E+5   6.371123E+2   6.471235E-5   4.825533E-1   -3.640000E-2
 597          8.897793E+5   6.371441E+2   6.471235E-5   4.813941E-1   -3.640000E-2
 598          8.902714E+5   6.371760E+2   6.471235E-5   4.802348E-1   -3.640000E-2
 599          8.907635E+5   6.372078E+2   6.471235E-5   4.790756E-1   -3.640000E-2
 600          8.912557E+5   6.372397E+2   6.471235E-5   4.779163E-1   -3.640000E-2
 601          8.917478E+5   6.372715E+2   6.471235E-5   4.767571E-1   -3.640000E-2
 602          8.922400E+5   6.373034E+2   6.471235E-5   4.755978E-1   -3.640000E-2
 603          8.927321E+5   6.373352E+2   6.471235E-5   4.744386E-1   -3.640000E-2
 604          8.932242E+5   6.373671E+2   6.471235E-5   4.732793E-1   -3.640000E-2
 605          8.937164E+5   6.373989E+2   6.471235E-5   4.721201E-1   -3.640000E-2
 606          8.942085E+5   6.374307E+2   6.471235E-5   4.709608E-1   -3.640000E-2
 607          8.947007E+5   6.374626E+2   6.471235E-5   4.698016E-1   -3.640000E-2
 608          8.951928E+5   6.374944E+2   6.471235E-5   4.686423E-1   -3.640000E-2
 609          8.956849E+5   6.375263E+2   6.471235E-5   4.674831E-1   -3.640000E-2
 610          8.961771E+5   6.375581E+2   6.471235E-5   4.663238E-1   -3.640000E-2
 611          8.966692E+5   6.375900E+2   6.471235E-5   4.651646E-1   -3.640000E-2
 612          8.971614E+5   6.376218E+2   6.471235E-5   4.640053E-1   -3.640000E-2
 613          8.976535E+5   6.376537E+2   6.471235E-5   4.628461E-1   -3.640000E-2
 614          8.981456E+5   6.376855E+2   6.471235E-5   4.616868E-1   -3.640000E-2
 615          8.986378E+5   6.377174E+2   6.471235E-5   4.605276E-1   -3.640000E-2
 616          8.991299E+5   6.377492E+2   6.471235E-5   4.593683E-1   -3.640000E-2
 617          8.996221E+5   6.377811E+2   6.471235E-5   4.582091E-1   -3.640000E-2
 618          9.001142E+5   6.378129E+2   6.471235E-5   4.570498E-1   -3.640000E-2
 619          9.006063E+5   6.378448E+2   5.847612E-5   4.558906E-1   -4.057215E-2
 620          9.010985E+5   6.378735E+2   5.724918E-5   4.547230E-1   -4.150000E-2
 621          9.015906E+5   6.379017E+2   5.724918E-5   4.535537E-1   -4.150000E-2
 622          9.020828E+5   6.379299E+2   5.724918E-5   4.523845E-1   -4.150000E-2
 623          9.025749E+5   6.379581E+2   5.724918E-5   4.512152E-1   -4.150000E-2
 624          9.030670E+5   6.379862E+2   5.724918E-5   4.500460E-1   -4.150000E-2
 625          9.035592E+5   6.380144E+2   5.724918E-5   4.488767E-1   -4.150000E-2
 626          9.040513E+5   6.380426E+2   5.724918E-5   4.477075E-1   -4.150000E-2
 627          9.045435E+5   6.380708E+2   5.724918E-5   4.465383E-1   -4.150000E-2
 628          9.050356E+5   6.380989E+2   5.724918E-5   4.453690E-1   -4.150000E-2
 629          9.055277E+5   6.381271E+2   5.724918E-5   4.441998E-1   -4.150000E-2
 630          9.060199E+5   6.381553E+2   5.724918E-5   4.430305E-1   -4.150000E-2
 631          9.065120E+5   6.381835E+2   5.724918E-5   4.418613E-1   -4.150000E-2
 632          9.070042E+5   6.382116E+2   5.724918E-5   4.406920E-1   -4.150000E-2
 633          9.074963E+5   6.382398E+2   5.724918E-5   4.395228E-1   -4.150000E-2
 634          9.079884E+5   6.382680E+2   5.724918E-5   4.383535E-1   -4.150000E-2
 635          9.084806E+5   6.382962E+2   5.724918E-5   4.371843E-1   -4.150000E-2
 636          9.089727E+5   6.383243E+2   5.724918E-5   4.360150E-1   -4.150000E-2
 637          9.094649E+5   6.383525E+2   5.724918E-5   4.348458E-1   -4.150000E-2
 638          9.099570E+5   6.383807E+2   5.724918E-5   4.336765E-1   -4.150000E-2
 639          9.104491E+5   6.384089E+2   5.724918E-5   4.325073E-1   -4.150000E-2
 640          9.109413E+5   6.384370E+2   5.724918E-5   4.313380E-1   -4.150000E-2
 641          9.114334E+5   6.384652E+2   5.724918E-5   4.301688E-1   -4.150000E-2
 642          9.119256E+5   6.384934E+2   5.724918E-5   4.289996E-1   -4.150000E-2
 643          9.124177E+5   6.385216E+2   5.724918E-5   4.278303E-1   -4.150000E-2
 644          9.129098E+5   6.385497E+2   5.724918E-5   4.266611E-1   -4.150000E-2
 645          9.134020E+5   6.385779E+2   5.724918E-5   4.254918E-1   -4.150000E-2
 646          9.138941E+5   6.386061E+2   5.724918E-5   4.243226E-1   -4.150000E-2
 647          9.143863E+5   6.386343E+2   5.724918E-5   4.231533E-1   -4.150000E-2
 648          9.148784E+5   6.386624E+2   5.724918E-5   4.219841E-1   -4.150000E-2
 649          9.153705E+5   6.386906E+2   5.724918E-5   4.208148E-1   -4.150000E-2
 650          9.158627E+5   6.387188E+2   5.724918E-5   4.196456E-1   -4.150000E-2
 651          9.163548E+5   6.387470E+2   5.724918E-5   4.184763E-1   -4.150000E-2
 652          9.168470E+5   6.387751E+2   5.724918E-5   4.173071E-1   -4.150000E-2
 653          9.173391E+5   6.388033E+2   5.724918E-5   4.161378E-1   -4.150000E-2
 654          9.178312E+5   6.388315E+2   5.490552E-5   4.149686E-1   -4.338761E-2
 655          9.183234E+5   6.388585E+2   5.040958E-5   4.137962E-1   -4.750000E-2
 656          9.188155E+5   6.388833E+2   5.040958E-5   4.126178E-1   -4.750000E-2
 657          9.193077E+5   6.389081E+2   5.040958E-5   4.114394E-1   -4.750000E-2
 658          9.197998E+5   6.389329E+2   5.040958E-5   4.102610E-1   -4.750000E-2
 659          9.202919E+5   6.389577E+2   5.040958E-5   4.090826E-1   -4.750000E-2
 660          9.207841E+5   6.389825E+2   5.040958E-5   4.079042E-1   -4.750000E-2
 661          9.212762E+5   6.390074E+2   5.040958E-5   4.067258E-1   -4.750000E-2
 662          9.217684E+5   6.390322E+2   5.040958E-5   4.055474E-1   -4.750000E-2
 663          9.222605E+5   6.390570E+2   5.040958E-5   4.043689E-1   -4.750000E-2
 664          9.227526E+5   6.390818E+2   5.040958E-5   4.031905E-1   -4.750000E-2
 665          9.232448E+5   6.391066E+2   5.040958E-5   4.020121E-1   -4.750000E-2
 666          9.237369E+5   6.391314E+2   5.040958E-5   4.008337E-1   -4.750000E-2
 667          9.242291E+5   6.391562E+2   5.040958E-5   3.996553E-1   -4.750000E-2
 668          9.247212E+5   6.391810E+2   5.040958E-5   3.984769E-1   -4.750000E-2
 669          9.252133E+5   6.392058E+2   5.040958E-5   3.972985E-1   -4.750000E-2
 670          9.257055E+5   6.392306E+2   5.040958E-5   3.961201E-1   -4.750000E-2
 671          9.261976E+5   6.392554E+2   5.040958E-5   3.949417E-1   -4.750000E-2
 672          9.266898E+5   6.392802E+2   5.040958E-5   3.937633E-1   -4.750000E-2
 673          9.271819E+5   6.393051E+2   5.040958E-5   3.925849E-1   -4.750000E-2
 674          9.276740E+5   6.393299E+2   5.040958E-5   3.914065E-1   -4.750000E-2
 675          9.281662E+5   6.393547E+2   5.040958E-5   3.902281E-1   -4.750000E-2
 676          9.286583E+5   6.393795E+2   5.040958E-5   3.890497E-1   -4.750000E-2
 677          9.291505E+5   6.394043E+2   5.040958E-5   3.878712E-1   -4.750000E-2
 678          9.296426E+5   6.394291E+2   5.040958E-5   3.866928E-1   -4.750000E-2
 679          9.301347E+5   6.394539E+2   5.040958E-5   3.855144E-1   -4.750000E-2
 680          9.306269E+5   6.394787E+2   5.040958E-5   3.843360E-1   -4.750000E-2
 681          9.311190E+5   6.395035E+2   5.040958E-5   3.831576E-1   -4.750000E-2
 682          9.316112E+5   6.395283E+2   5.040958E-5   3.819792E-1   -4.750000E-2
 683          9.321033E+5   6.395531E+2   5.040958E-5   3.808008E-1   -4.750000E-2
 684          9.325955E+5   6.395779E+2   5.040958E-5   3.796224E-1   -4.750000E-2
 685          9.330876E+5   6.396028E+2   5.040958E-5   3.784440E-1   -4.750000E-2
 686          9.335797E+5   6.396276E+2   5.040958E-5   3.772656E-1   -4.750000E-2
 687          9.340719E+5   6.396524E+2   5.040958E-5   3.760872E-1   -4.750000E-2
 688          9.345640E+5   6.396772E+2   5.040958E-5   3.749088E-1   -4.750000E-2
 689          9.350562E+5   6.397020E+2   5.040958E-5   3.737304E-1   -4.750000E-2
 690          9.355483E+5   6.397268E+2   5.040958E-5   3.725519E-1   -4.750000E-2
 691          9.360404E+5   6.397516E+2   5.040958E-5   3.713735E-1   -4.750000E-2
 692          9.365326E+5   6.397764E+2   5.040958E-5   3.701951E-1   -4.750000E-2
 693          9.370247E+5   6.398012E+2   5.040958E-5   3.690167E-1   -4.750000E-2
 694          9.375169E+5   6.398260E+2   5.018935E-5   3.678383E-1   -4.772037E-2
 695          9.380090E+5   6.398507E+2   4.393577E-5   3.666596E-1   -5.490000E-2
 696          9.385011E+5   6.398724E+2   4.393577E-5   3.654725E-1   -5.490000E-2
 697          9.389933E+5   6.398940E+2   4.393577E-5   3.642855E-1   -5.490000E-2
 698          9.394854E+5   6.399156E+2   4.393577E-5   3.630984E-1   -5.490000E-2
 699          9.399776E+5   6.399372E+2   4.393577E-5   3.619113E-1   -5.490000E-2
 700          9.404697E+5   6.399588E+2   4.393577E-5   3.607242E-1   -5.490000E-2
 701          9.409618E+5   6.399805E+2   4.393577E-5   3.595371E-1   -5.490000E-2
 702          9.414540E+5   6.400021E+2   4.393577E-5   3.583501E-1   -5.490000E-2
 703          9.419461E+5   6.400237E+2   4.393577E-5   3.571630E-1   -5.490000E-2
 704          9.424383E+5   6.400453E+2   4.393577E-5   3.559759E-1   -5.490000E-2
 705          9.429304E+5   6.400670E+2   4.393577E-5   3.547888E-1   -5.490000E-2
 706          9.434225E+5   6.400886E+2   4.393577E-5   3.536018E-1   -5.490000E-2
 707          9.439147E+5   6.401102E+2   4.393577E-5   3.524147E-1   -5.490000E-2
 708          9.444068E+5   6.401318E+2   4.393577E-5   3.512276E-1   -5.490000E-2
 709          9.448990E+5   6.401535E+2   4.393577E-5   3.500405E-1   -5.490000E-2
 710          9.453911E+5   6.401751E+2   4.393577E-5   3.488534E-1   -5.490000E-2
 711          9.458832E+5   6.401967E+2   4.393577E-5   3.476664E-1   -5.490000E-2
 712          9.463754E+5   6.402183E+2   4.393577E-5   3.464793E-1   -5.490000E-2
 713          9.468675E+5   6.402399E+2   4.393577E-5   3.452922E-1   -5.490000E-2
 714          9.473597E+5   6.402616E+2   4.393577E-5   3.441051E-1   -5.490000E-2
 715          9.478518E+5   6.402832E+2   4.393577E-5   3.429181E-1   -5.490000E-2
 716          9.483439E+5   6.403048E+2   4.393577E-5   3.417310E-1   -5.490000E-2
 717          9.488361E+5   6.403264E+2   4.393577E-5   3.405439E-1   -5.490000E-2
 718          9.493282E+5   6.403481E+2   4.393577E-5   3.393568E-1   -5.490000E-2
 719          9.498204E+5   6.403697E+2   4.393577E-5   3.381697E-1   -5.490000E-2
 720          9.503125E+5   6.403913E+2   4.393577E-5   3.369827E-1   -5.490000E-2
 721          9.508046E+5   6.404129E+2   4.393577E-5   3.357956E-1   -5.490000E-2
 722          9.512968E+5   6.404345E+2   4.393577E-5   3.346085E-1   -5.490000E-2
 723          9.517889E+5   6.404562E+2   4.393577E-5   3.334214E-1   -5.490000E-2
 724          9.522811E+5   6.404778E+2   4.393577E-5   3.322344E-1   -5.490000E-2
 725          9.527732E+5   6.404994E+2   4.393577E-5   3.310473E-1   -5.490000E-2
 726          9.532653E+5   6.405210E+2   4.393577E-5   3.298602E-1   -5.490000E-2
 727          9.537575E+5   6.405427E+2   4.393577E-5   3.286731E-1   -5.490000E-2
 728          9.542496E+5   6.405643E+2   4.393577E-5   3.274860E-1   -5.490000E-2
 729          9.547418E+5   6.405859E+2   4.393577E-5   3.262990E-1   -5.490000E-2
 730          9.552339E+5   6.406075E+2   4.393577E-5   3.251119E-1   -5.490000E-2
 731          9.557260E+5   6.406291E+2   4.393577E-5   3.239248E-1   -5.490000E-2
 732          9.562182E+5   6.406508E+2   4.393577E-5   3.227377E-1   -5.490000E-2
 733          9.567103E+5   6.406724E+2   4.393577E-5   3.215506E-1   -5.490000E-2
 734          9.572025E+5   6.406940E+2   4.393577E-5   3.203636E-1   -5.490000E-2
 735          9.576946E+5   6.407156E+2   4.393577E-5   3.191765E-1   -5.490000E-2
 736          9.581867E+5   6.407373E+2   4.393577E-5   3.179894E-1   -5.490000E-2
 737          9.586789E+5   6.407589E+2   4.393577E-5   3.168023E-1   -5.490000E-2
 738          9.591710E+5   6.407805E+2   4.393577E-5   3.156153E-1   -5.490000E-2
 739          9.596632E+5   6.408021E+2   4.393577E-5   3.144282E-1   -5.490000E-2
 740          9.601553E+5   6.408238E+2   4.393577E-5   3.132411E-1   -5.490000E-2
 741          9.606474E+5   6.408454E+2   3.936046E-5   3.120540E-1   -6.159799E-2
 742          9.611396E+5   6.408647E+2   3.811484E-5   3.108608E-1   -6.370000E-2
 743          9.616317E+5   6.408835E+2   3.811484E-5   3.096659E-1   -6.370000E-2
 744          9.621239E+5   6.409023E+2   3.811484E-5   3.084711E-1   -6.370000E-2
 745          9.626160E+5   6.409210E+2   3.811484E-5   3.072762E-1   -6.370000E-2
 746          9.631081E+5   6.409398E+2   3.811484E-5   3.060813E-1   -6.370000E-2
 747          9.636003E+5   6.409585E+2   3.811484E-5   3.048864E-1   -6.370000E-2
 748          9.640924E+5   6.409773E+2   3.811484E-5   3.036916E-1   -6.370000E-2
 749          9.645846E+5   6.409960E+2   3.811484E-5   3.024967E-1   -6.370000E-2
 750          9.650767E+5   6.410148E+2   3.811484E-5   3.013018E-1   -6.370000E-2
 751          9.655688E+5   6.410336E+2   3.811484E-5   3.001069E-1   -6.370000E-2
 752          9.660610E+5   6.410523E+2   3.811484E-5   2.989121E-1   -6.370000E-2
 753          9.665531E+5   6.410711E+2   3.811484E-5   2.977172E-1   -6.370000E-2
 754          9.670453E+5   6.410898E+2   3.811484E-5   2.965223E-1   -6.370000E-2
 755          9.675374E+5   6.411086E+2   3.811484E-5   2.953274E-1   -6.370000E-2
 756          9.680295E+5   6.411274E+2   3.811484E-5   2.941326E-1   -6.370000E-2
 757          9.685217E+5   6.411461E+2   3.811484E-5   2.929377E-1   -6.370000E-2
 758          9.690138E+5   6.411649E+2   3.811484E-5   2.917428E-1   -6.370000E-2
 759          9.695060E+5   6.411836E+2   3.811484E-5   2.905479E-1   -6.370000E-2
 760          9.699981E+5   6.412024E+2   3.811484E-5   2.893531E-1   -6.370000E-2
 761          9.704902E+5   6.412211E+2   3.811484E-5   2.881582E-1   -6.370000E-2
 762          9.709824E+5   6.412399E+2   3.811484E-5   2.869633E-1   -6.370000E-2
 763          9.714745E+5   6.412587E+2   3.811484E-5   2.857685E-1   -6.370000E-2
 764          9.719667E+5   6.412774E+2   3.811484E-5   2.845736E-1   -6.370000E-2
 765          9.724588E+5   6.412962E+2   3.811484E-5   2.833787E-1   -6.370000E-2
 766          9.729509E+5   6.413149E+2   3.811484E-5   2.821838E-1   -6.370000E-2
 767          9.734431E+5   6.413337E+2   3.811484E-5   2.809890E-1   -6.370000E-2
 768          9.739352E+5   6.413524E+2   3.811484E-5   2.797941E-1   -6.370000E-2
 769          9.744274E+5   6.413712E+2   3.811484E-5   2.785992E-1   -6.370000E-2
 770          9.749195E+5   6.413900E+2   3.811484E-5   2.774043E-1   -6.370000E-2
 771          9.754116E+5   6.414087E+2   3.811484E-5   2.762095E-1   -6.370000E-2
 772          9.759038E+5   6.414275E+2   3.811484E-5   2.750146E-1   -6.370000E-2
 773          9.763959E+5   6.414462E+2   3.811484E-5   2.738197E-1   -6.370000E-2
 774          9.768881E+5   6.414650E+2   3.811484E-5   2.726248E-1   -6.370000E-2
 775          9.773802E+5   6.414838E+2   3.811484E-5   2.714300E-1   -6.370000E-2
 776          9.778723E+5   6.415025E+2   3.811484E-5   2.702351E-1   -6.370000E-2
 777          9.783645E+5   6.415213E+2   3.811484E-5   2.690402E-1   -6.370000E-2
 778          9.788566E+5   6.415400E+2   3.811484E-5   2.678453E-1   -6.370000E-2
 779          9.793488E+5   6.415588E+2   3.811484E-5   2.666505E-1   -6.370000E-2
 780          9.798409E+5   6.415775E+2   3.811484E-5   2.654556E-1   -6.370000E-2
 781          9.803330E+5   6.415963E+2   3.811484E-5   2.642607E-1   -6.370000E-2
 782          9.808252E+5   6.416151E+2   3.811484E-5   2.630658E-1   -6.370000E-2
 783          9.813173E+5   6.416338E+2   3.811484E-5   2.618710E-1   -6.370000E-2
 784          9.818095E+5   6.416526E+2   3.811484E-5   2.606761E-1   -6.370000E-2
 785          9.823016E+5   6.416713E+2   3.811484E-5   2.594812E-1   -6.370000E-2
 786          9.827937E+5   6.416901E+2   3.811484E-5   2.582863E-1   -6.370000E-2
 787          9.832859E+5   6.417088E+2   3.811484E-5   2.570915E-1   -6.370000E-2
 788          9.837780E+5   6.417276E+2   3.811484E-5   2.558966E-1   -6.370000E-2
 789          9.842702E+5   6.417464E+2   3.811484E-5   2.547017E-1   -6.370000E-2
 790          9.847623E+5   6.417651E+2   3.811484E-5   2.535068E-1   -6.370000E-2
 791          9.852544E+5   6.417839E+2   3.811484E-5   2.523120E-1   -6.370000E-2
 792          9.857466E+5   6.418026E+2   3.811484E-5   2.511171E-1   -6.370000E-2
 793          9.862387E+5   6.418214E+2   3.811484E-5   2.499222E-1   -6.370000E-2
 794          9.867309E+5   6.418402E+2   3.912185E-5   2.487273E-1   -6.199029E-2
 795          9.872230E+5   6.418594E+2   4.023497E-5   2.475338E-1   -6.020000E-2
 796          9.877151E+5   6.418792E+2   4.023497E-5   2.463418E-1   -6.020000E-2
 797          9.882073E+5   6.418990E+2   4.023497E-5   2.451497E-1   -6.020000E-2
 798          9.886994E+5   6.419188E+2   4.023497E-5   2.439577E-1   -6.020000E-2
 799          9.891916E+5   6.419386E+2   4.023497E-5   2.427657E-1   -6.020000E-2
 800          9.896837E+5   6.419584E+2   4.023497E-5   2.415736E-1   -6.020000E-2
 801          9.901758E+5   6.419782E+2   4.023497E-5   2.403816E-1   -6.020000E-2
 802          9.906680E+5   6.419980E+2   4.023497E-5   2.391896E-1   -6.020000E-2
 803          9.911601E+5   6.420178E+2   4.023497E-5   2.379975E-1   -6.020000E-2
 804          9.916523E+5   6.420376E+2   4.023497E-5   2.368055E-1   -6.020000E-2
 805          9.921444E+5   6.420574E+2   4.023497E-5   2.356135E-1   -6.020000E-2
 806          9.926365E+5   6.420772E+2   4.023497E-5   2.344214E-1   -6.020000E-2
 807          9.931287E+5   6.420970E+2   4.023497E-5   2.332294E-1   -6.020000E-2
 808          9.936208E+5   6.421168E+2   4.023497E-5   2.320374E-1   -6.020000E-2
 809          9.941130E+5   6.421366E+2   4.023497E-5   2.308453E-1   -6.020000E-2
 810          9.946051E+5   6.421564E+2   4.023497E-5   2.296533E-1   -6.020000E-2
 811          9.950972E+5   6.421762E+2   4.023497E-5   2.284613E-1   -6.020000E-2
 812          9.955894E+5   6.421960E+2   4.023497E-5   2.272692E-1   -6.020000E-2
 813          9.960815E+5   6.422158E+2   4.023497E-5   2.260772E-1   -6.020000E-2
 814          9.965737E+5   6.422356E+2   4.023497E-5   2.248852E-1   -6.020000E-2
 815          9.970658E+5   6.422554E+2   4.023497E-5   2.236931E-1   -6.020000E-2
 816          9.975579E+5   6.422752E+2   4.023497E-5   2.225011E-1   -6.020000E-2
 817          9.980501E+5   6.422950E+2   4.023497E-5   2.213090E-1   -6.020000E-2
 818          9.985422E+5   6.423148E+2   4.023497E-5   2.201170E-1   -6.020000E-2
 819          9.990344E+5   6.423346E+2   4.023497E-5   2.189250E-1   -6.020000E-2
 820          9.995265E+5   6.423544E+2   4.023497E-5   2.177329E-1   -6.020000E-2
 821          1.000019E+6   6.423742E+2   4.023497E-5   2.165409E-1   -6.020000E-2
 822          1.000511E+6   6.423940E+2   4.023497E-5   2.153489E-1   -6.020000E-2
 823          1.001003E+6   6.424138E+2   4.023497E-5   2.141568E-1   -6.020000E-2
 824          1.001495E+6   6.424336E+2   4.023497E-5   2.129648E-1   -6.020000E-2
 825          1.001987E+6   6.424534E+2   4.023497E-5   2.117728E-1   -6.020000E-2
 826          1.002479E+6   6.424732E+2   4.023497E-5   2.105807E-1   -6.020000E-2
 827          1.002971E+6   6.424930E+2   4.023497E-5   2.093887E-1   -6.020000E-2
 828          1.003464E+6   6.425128E+2   4.023497E-5   2.081967E-1   -6.020000E-2
 829          1.003956E+6   6.425326E+2   4.023497E-5   2.070046E-1   -6.020000E-2
 830          1.004448E+6   6.425524E+2   4.023497E-5   2.058126E-1   -6.020000E-2
 831          1.004940E+6   6.425722E+2   4.023497E-5   2.046206E-1   -6.020000E-2
 832          1.005432E+6   6.425921E+2   4.023497E-5   2.034285E-1   -6.020000E-2
 833          1.005924E+6   6.426119E+2   4.023497E-5   2.022365E-1   -6.020000E-2
 834          1.006416E+6   6.426317E+2   4.023497E-5   2.010445E-1   -6.020000E-2
 835          1.006909E+6   6.426515E+2   4.023497E-5   1.998524E-1   -6.020000E-2
 836          1.007401E+6   6.426713E+2   4.023497E-5   1.986604E-1   -6.020000E-2
 837          1.007893E+6   6.426911E+2   4.023497E-5   1.974684E-1   -6.020000E-2
 838          1.008385E+6   6.427109E+2   4.023497E-5   1.962763E-1   -6.020000E-2
 839          1.008877E+6   6.427307E+2   4.023497E-5   1.950843E-1   -6.020000E-2
 840          1.009369E+6   6.427505E+2   4.023497E-5   1.938922E-1   -6.020000E-2
 841          1.009861E+6   6.427703E+2   4.023497E-5   1.927002E-1   -6.020000E-2
 842          1.010354E+6   6.427901E+2   4.023497E-5   1.915082E-1   -6.020000E-2
 843          1.010846E+6   6.428099E+2   4.023497E-5   1.903161E-1   -6.020000E-2
 844          1.011338E+6   6.428297E+2   4.023497E-5   1.891241E-1   -6.020000E-2
 845          1.011830E+6   6.428495E+2   3.486585E-5   1.879321E-1   -6.988952E-2
 846          1.012322E+6   6.428666E+2   3.471740E-5   1.867328E-1   -7.020000E-2
 847          1.012814E+6   6.428837E+2   3.471740E-5   1.855334E-1   -7.020000E-2
 848          1.013306E+6   6.429008E+2   3.471740E-5   1.843340E-1   -7.020000E-2
 849          1.013799E+6   6.429179E+2   3.471740E-5   1.831346E-1   -7.020000E-2
 850          1.014291E+6   6.429350E+2   3.471740E-5   1.819351E-1   -7.020000E-2
 851          1.014783E+6   6.429521E+2   3.471740E-5   1.807357E-1   -7.020000E-2
 852          1.015275E+6   6.429691E+2   3.471740E-5   1.795363E-1   -7.020000E-2
 853          1.015767E+6   6.429862E+2   3.471740E-5   1.783369E-1   -7.020000E-2
 854          1.016259E+6   6.430033E+2   3.471740E-5   1.771374E-1   -7.020000E-2
 855          1.016751E+6   6.430204E+2   3.471740E-5   1.759380E-1   -7.020000E-2
 856          1.017244E+6   6.430375E+2   3.471740E-5   1.747386E-1   -7.020000E-2
 857          1.017736E+6   6.430546E+2   3.471740E-5   1.735392E-1   -7.020000E-2
 858          1.018228E+6   6.430717E+2   3.471740E-5   1.723397E-1   -7.020000E-2
 859          1.018720E+6   6.430887E+2   3.471740E-5   1.711403E-1   -7.020000E-2
 860          1.019212E+6   6.431058E+2   3.471740E-5   1.699409E-1   -7.020000E-2
 861          1.019704E+6   6.431229E+2   3.471740E-5   1.687415E-1   -7.020000E-2
 862          1.020196E+6   6.431400E+2   3.471740E-5   1.675420E-1   -7.020000E-2
 863          1.020689E+6   6.431571E+2   3.471740E-5   1.663426E-1   -7.020000E-2
 864          1.021181E+6   6.431742E+2   3.471740E-5   1.651432E-1   -7.020000E-2
 865          1.021673E+6   6.431913E+2   3.471740E-5   1.639438E-1   -7.020000E-2
 866          1.022165E+6   6.432083E+2   3.471740E-5   1.627443E-1   -7.020000E-2
 867          1.022657E+6   6.432254E+2   3.471740E-5   1.615449E-1   -7.020000E-2
 868          1.023149E+6   6.432425E+2   3.471740E-5   1.603455E-1   -7.020000E-2
 869          1.023641E+6   6.432596E+2   3.471740E-5   1.591461E-1   -7.020000E-2
 870          1.024134E+6   6.432767E+2   3.471740E-5   1.579466E-1   -7.020000E-2
 871          1.024626E+6   6.432938E+2   3.471740E-5   1.567472E-1   -7.020000E-2
 872          1.025118E+6   6.433109E+2   3.471740E-5   1.555478E-1   -7.020000E-2
 873          1.025610E+6   6.433279E+2   3.471740E-5   1.543484E-1   -7.020000E-2
 874          1.026102E+6   6.433450E+2   3.471740E-5   1.531489E-1   -7.020000E-2
 875          1.026594E+6   6.433621E+2   3.471740E-5   1.519495E-1   -7.020000E-2
 876          1.027086E+6   6.433792E+2   3.471740E-5   1.507501E-1   -7.020000E-2
 877          1.027578E+6   6.433963E+2   3.471740E-5   1.495507E-1   -7.020000E-2
 878          1.028071E+6   6.434134E+2   3.471740E-5   1.483512E-1   -7.020000E-2
 879          1.028563E+6   6.434305E+2   3.471740E-5   1.471518E-1   -7.020000E-2
 880          1.029055E+6   6.434475E+2   3.471740E-5   1.459524E-1   -7.020000E-2
 881          1.029547E+6   6.434646E+2   3.471740E-5   1.447530E-1   -7.020000E-2
 882          1.030039E+6   6.434817E+2   3.471740E-5   1.435535E-1   -7.020000E-2
 883          1.030531E+6   6.434988E+2   3.471740E-5   1.423541E-1   -7.020000E-2
 884          1.031023E+6   6.435159E+2   3.471740E-5   1.411547E-1   -7.020000E-2
 885          1.031516E+6   6.435330E+2   3.471740E-5   1.399553E-1   -7.020000E-2
 886          1.032008E+6   6.435501E+2   3.471740E-5   1.387558E-1   -7.020000E-2
 887          1.032500E+6   6.435671E+2   3.471740E-5   1.375564E-1   -7.020000E-2
 888          1.032992E+6   6.435842E+2   3.471740E-5   1.363570E-1   -7.020000E-2
 889          1.033484E+6   6.436013E+2   3.471740E-5   1.351576E-1   -7.020000E-2
 890          1.033976E+6   6.436184E+2   3.471740E-5   1.339581E-1   -7.020000E-2
 891          1.034468E+6   6.436355E+2   3.471740E-5   1.327587E-1   -7.020000E-2
 892          1.034961E+6   6.436526E+2   3.471740E-5   1.315593E-1   -7.020000E-2
 893          1.035453E+6   6.436697E+2   3.471740E-5   1.303599E-1   -7.020000E-2
 894          1.035945E+6   6.436867E+2   3.471740E-5   1.291604E-1   -7.020000E-2
 895          1.036437E+6   6.437038E+2   3.471740E-5   1.279610E-1   -7.020000E-2
 896          1.036929E+6   6.437209E+2   3.471740E-5   1.267616E-1   -7.020000E-2
 897          1.037421E+6   6.437380E+2   3.471740E-5   1.255622E-1   -7.020000E-2
 898          1.037913E+6   6.437551E+2   3.471740E-5   1.243627E-1   -7.020000E-2
 899          1.038406E+6   6.437722E+2   3.471740E-5   1.231633E-1   -7.020000E-2
 900          1.038898E+6   6.437893E+2   3.471740E-5   1.219639E-1   -7.020000E-2
 901          1.039390E+6   6.438063E+2   3.471740E-5   1.207645E-1   -7.020000E-2
 902          1.039882E+6   6.438234E+2   3.471740E-5   1.195650E-1   -7.020000E-2
 903          1.040374E+6   6.438405E+2   3.231890E-5   1.183656E-1   -7.561177E-2
 904          1.040866E+6   6.438564E+2   2.932809E-5   1.171630E-1   -8.360000E-2
 905          1.041358E+6   6.438709E+2   2.932809E-5   1.159563E-1   -8.360000E-2
 906          1.041851E+6   6.438853E+2   2.932809E-5   1.147497E-1   -8.360000E-2
 907          1.042343E+6   6.438997E+2   2.932809E-5   1.135431E-1   -8.360000E-2
 908          1.042835E+6   6.439142E+2   2.932809E-5   1.123364E-1   -8.360000E-2
 909          1.043327E+6   6.439286E+2   2.932809E-5   1.111298E-1   -8.360000E-2
 910          1.043819E+6   6.439430E+2   2.932809E-5   1.099231E-1   -8.360000E-2
 911          1.044311E+6   6.439575E+2   2.932809E-5   1.087165E-1   -8.360000E-2
 912          1.044803E+6   6.439719E+2   2.932809E-5   1.075098E-1   -8.360000E-2
 913          1.045296E+6   6.439863E+2   2.932809E-5   1.063032E-1   -8.360000E-2
 914          1.045788E+6   6.440008E+2   2.932809E-5   1.050966E-1   -8.360000E-2
 915          1.046280E+6   6.440152E+2   2.932809E-5   1.038899E-1   -8.360000E-2
 916          1.046772E+6   6.440296E+2   2.932809E-5   1.026833E-1   -8.360000E-2
 917          1.047264E+6   6.440441E+2   2.932809E-5   1.014766E-1   -8.360000E-2
 918          1.047756E+6   6.440585E+2   2.932809E-5   1.002700E-1   -8.360000E-2
 919          1.048248E+6   6.440729E+2   2.932809E-5   9.906334E-2   -8.360000E-2
 920          1.048741E+6   6.440874E+2   2.932809E-5   9.785669E-2   -8.360000E-2
 921          1.049233E+6   6.441018E+2   2.932809E-5   9.665005E-2   -8.360000E-2
 922          1.049725E+6   6.441162E+2   2.932809E-5   9.544341E-2   -8.360000E-2
 923          1.050217E+6   6.441307E+2   2.932809E-5   9.423676E-2   -8.360000E-2
 924          1.050709E+6   6.441451E+2   2.932809E-5   9.303012E-2   -8.360000E-2
 925          1.051201E+6   6.441595E+2   2.932809E-5   9.182348E-2   -8.360000E-2
 926          1.051693E+6   6.441740E+2   2.932809E-5   9.061683E-2   -8.360000E-2
 927          1.052185E+6   6.441884E+2   2.932809E-5   8.941019E-2   -8.360000E-2
 928          1.052678E+6   6.442028E+2   2.932809E-5   8.820355E-2   -8.360000E-2
 929          1.053170E+6   6.442173E+2   2.932809E-5   8.699691E-2   -8.360000E-2
 930          1.053662E+6   6.442317E+2   2.932809E-5   8.579026E-2   -8.360000E-2
 931          1.054154E+6   6.442461E+2   2.932809E-5   8.458362E-2   -8.360000E-2
 932          1.054646E+6   6.442606E+2   2.932809E-5   8.337698E-2   -8.360000E-2
 933          1.055138E+6   6.442750E+2   2.932809E-5   8.217033E-2   -8.360000E-2
 934          1.055630E+6   6.442894E+2   2.932809E-5   8.096369E-2   -8.360000E-2
 935          1.056123E+6   6.443039E+2   2.932809E-5   7.975705E-2   -8.360000E-2
 936          1.056615E+6   6.443183E+2   2.932809E-5   7.855040E-2   -8.360000E-2
 937          1.057107E+6   6.443327E+2   2.932809E-5   7.734376E-2   -8.360000E-2
 938          1.057599E+6   6.443472E+2   2.932809E-5   7.613712E-2   -8.360000E-2
 939          1.058091E+6   6.443616E+2   2.932809E-5   7.493047E-2   -8.360000E-2
 940          1.058583E+6   6.443760E+2   2.932809E-5   7.372383E-2   -8.360000E-2
 941          1.059075E+6   6.443905E+2   2.932809E-5   7.251719E-2   -8.360000E-2
 942          1.059568E+6   6.444049E+2   2.932809E-5   7.131054E-2   -8.360000E-2
 943          1.060060E+6   6.444193E+2   2.932809E-5   7.010390E-2   -8.360000E-2
 944          1.060552E+6   6.444338E+2   2.932809E-5   6.889726E-2   -8.360000E-2
 945          1.061044E+6   6.444482E+2   2.932809E-5   6.769061E-2   -8.360000E-2
 946          1.061536E+6   6.444626E+2   2.932809E-5   6.648397E-2   -8.360000E-2
 947          1.062028E+6   6.444771E+2   2.932809E-5   6.527733E-2   -8.360000E-2
 948          1.062520E+6   6.444915E+2   2.932809E-5   6.407068E-2   -8.360000E-2
 949          1.063013E+6   6.445059E+2   2.932809E-5   6.286404E-2   -8.360000E-2
 950          1.063505E+6   6.445204E+2   2.932809E-5   6.165740E-2   -8.360000E-2
 951          1.063997E+6   6.445348E+2   2.932809E-5   6.045075E-2   -8.360000E-2
 952          1.064489E+6   6.445492E+2   2.932809E-5   5.924411E-2   -8.360000E-2
 953          1.064981E+6   6.445637E+2   2.932809E-5   5.803747E-2   -8.360000E-2
 954          1.065473E+6   6.445781E+2   2.932809E-5   5.683082E-2   -8.360000E-2
 955          1.065965E+6   6.445925E+2   2.932809E-5   5.562418E-2   -8.360000E-2
 956          1.066458E+6   6.446070E+2   2.932809E-5   5.441754E-2   -8.360000E-2
 957          1.066950E+6   6.446214E+2   2.932809E-5   5.321089E-2   -8.360000E-2
 958          1.067442E+6   6.446358E+2   2.932809E-5   5.200425E-2   -8.360000E-2
 959          1.067934E+6   6.446503E+2   2.932809E-5   5.079761E-2   -8.360000E-2
 960          1.068426E+6   6.446647E+2   2.932809E-5   4.959097E-2   -8.360000E-2
 961          1.068918E+6   6.446791E+2   2.932809E-5   4.838432E-2   -8.360000E-2
 962          1.069410E+6   6.446936E+2   2.932809E-5   4.717768E-2   -8.360000E-2
 963          1.069903E+6   6.447080E+2   2.932809E-5   4.597104E-2   -8.360000E-2
 964          1.070395E+6   6.447224E+2   2.932809E-5   4.476439E-2   -8.360000E-2
 965          1.070887E+6   6.447369E+2   2.932809E-5   4.355775E-2   -8.360000E-2
 966          1.071379E+6   6.447513E+2   2.932809E-5   4.235111E-2   -8.360000E-2
 967          1.071871E+6   6.447657E+2   2.932809E-5   4.114446E-2   -8.360000E-2
 968          1.072363E+6   6.447802E+2   2.932809E-5   3.993782E-2   -8.360000E-2
 969          1.072855E+6   6.447946E+2   2.932809E-5   3.873118E-2   -8.360000E-2
 970          1.073348E+6   6.448090E+2   2.932809E-5   3.752453E-2   -8.360000E-2
 971          1.073840E+6   6.448235E+2   2.932809E-5   3.631789E-2   -8.360000E-2
 972          1.074332E+6   6.448379E+2   2.881896E-5   3.511125E-2   -8.512502E-2
 973          1.074824E+6   6.448521E+2   2.618398E-5   3.390392E-2   -9.396528E-2
 974          1.075316E+6   6.448650E+2   2.618398E-5   3.269307E-2   -9.396528E-2
 975          1.075808E+6   6.448779E+2   2.618398E-5   3.148221E-2   -9.396528E-2
 976          1.076300E+6   6.448907E+2   2.618398E-5   3.027136E-2   -9.396528E-2
 977          1.076793E+6   6.449036E+2   2.618398E-5   2.906050E-2   -9.396528E-2
 978          1.077285E+6   6.449165E+2   2.618398E-5   2.784965E-2   -9.396528E-2
 979          1.077777E+6   6.449294E+2   2.618398E-5   2.663880E-2   -9.396528E-2
 980          1.078269E+6   6.449423E+2   2.618398E-5   2.542794E-2   -9.396528E-2
 981          1.078761E+6   6.449552E+2   2.618398E-5   2.421709E-2   -9.396528E-2
 982          1.079253E+6   6.449681E+2   2.618398E-5   2.300623E-2   -9.396528E-2
 983          1.079745E+6   6.449809E+2   2.618398E-5   2.179538E-2   -9.396528E-2
 984          1.080237E+6   6.449938E+2   2.618398E-5   2.058452E-2   -9.396528E-2
 985          1.080730E+6   6.450067E+2   2.618398E-5   1.937367E-2   -9.396528E-2
 986          1.081222E+6   6.450196E+2   2.618398E-5   1.816282E-2   -9.396528E-2
 987          1.081714E+6   6.450325E+2   2.618398E-5   1.695196E-2   -9.396528E-2
 988          1.082206E+6   6.450454E+2   2.618398E-5   1.574111E-2   -9.396528E-2
 989          1.082698E+6   6.450583E+2   2.618398E-5   1.453025E-2   -9.396528E-2
 990          1.083190E+6   6.450712E+2   2.618398E-5   1.331940E-2   -9.396528E-2
 991          1.083682E+6   6.450840E+2   2.618398E-5   1.210854E-2   -9.396528E-2
 992          1.084175E+6   6.450969E+2   2.618398E-5   1.089769E-2   -9.396528E-2
 993          1.084667E+6   6.451098E+2   2.618398E-5   9.686835E-3   -9.396528E-2
 994          1.085159E+6   6.451227E+2   2.618398E-5   8.475980E-3   -9.396528E-2
 995          1.085651E+6   6.451356E+2   2.618398E-5   7.265126E-3   -9.396528E-2
 996          1.086143E+6   6.451485E+2   2.618398E-5   6.054272E-3   -9.396528E-2
 997          1.086635E+6   6.451614E+2   2.618398E-5   4.843417E-3   -9.396528E-2
 998          1.087127E+6   6.451742E+2   2.618398E-5   3.632563E-3   -9.396528E-2
 999          1.087620E+6   6.451871E+2   2.618398E-5   2.421709E-3   -9.396528E-2
 1000         1.088112E+6   6.452000E+2   2.618398E-5   1.210854E-3   -9.396528E-2
 1001         1.088604E+6   6.452129E+2   2.618398E-5   0.000000E+0   -9.396528E-2
