
    1  5.541739E+0005  5.153038E+0002  5.873297E-0004  9.995253E-0001 -1.562343E-0003
    2  5.546913E+0005  5.156077E+0002  5.873297E-0004  9.990506E-0001 -1.562539E-0003
    3  5.552086E+0005  5.159114E+0002  5.872117E-0004  9.985759E-0001 -1.562657E-0003
    4  5.557259E+0005  5.162153E+0002  5.873297E-0004  9.981011E-0001 -1.562539E-0003
    5  5.562432E+0005  5.165191E+0002  5.873297E-0004  9.976264E-0001 -1.562343E-0003
    6  5.567605E+0005  5.168229E+0002  5.873297E-0004  9.971517E-0001 -1.562539E-0003
    7  5.572778E+0005  5.171268E+0002  5.873297E-0004  9.966769E-0001 -1.562539E-0003
    8  5.577951E+0005  5.174305E+0002  5.872117E-0004  9.962022E-0001 -1.562657E-0003
    9  5.583124E+0005  5.177344E+0002  5.873297E-0004  9.957275E-0001 -1.562343E-0003
   10  5.588298E+0005  5.180382E+0002  5.873297E-0004  9.952528E-0001 -1.562539E-0003
   11  5.593471E+0005  5.183420E+0002  5.873297E-0004  9.947781E-0001 -1.562343E-0003
   12  5.598644E+0005  5.186459E+0002  5.873297E-0004  9.943033E-0001 -1.562539E-0003
   13  5.603817E+0005  5.189496E+0002  5.872117E-0004  9.938286E-0001 -1.562853E-0003
   14  5.608990E+0005  5.192535E+0002  5.873297E-0004  9.933539E-0001 -1.562343E-0003
   15  5.614163E+0005  5.195573E+0002  5.873297E-0004  9.928792E-0001 -1.562539E-0003
   16  5.619336E+0005  5.198611E+0002  5.873297E-0004  9.924044E-0001 -1.562539E-0003
   17  5.624509E+0005  5.201650E+0002  5.873297E-0004  9.919297E-0001 -1.562343E-0003
   18  5.629683E+0005  5.204688E+0002  5.873297E-0004  9.914550E-0001 -1.562539E-0003
   19  5.634856E+0005  5.207726E+0002  5.873297E-0004  9.909802E-0001 -1.562539E-0003
   20  5.640029E+0005  5.210765E+0002  5.873297E-0004  9.905055E-0001 -1.562343E-0003
   21  5.645202E+0005  5.213803E+0002  5.873297E-0004  9.900308E-0001 -1.562539E-0003
   22  5.650375E+0005  5.216841E+0002  5.873297E-0004  9.895560E-0001 -1.562539E-0003
   23  5.655548E+0005  5.219880E+0002  5.873297E-0004  9.890813E-0001 -1.562539E-0003
   24  5.660721E+0005  5.222918E+0002  5.873297E-0004  9.886065E-0001 -1.562539E-0003
   25  5.665894E+0005  5.225956E+0002  5.873297E-0004  9.881318E-0001 -1.562539E-0003
   26  5.671068E+0005  5.228995E+0002  5.873297E-0004  9.876571E-0001 -1.562343E-0003
   27  5.676241E+0005  5.232033E+0002  5.873297E-0004  9.871823E-0001 -1.562539E-0003
   28  5.681414E+0005  5.235072E+0002  5.874477E-0004  9.867075E-0001 -1.562422E-0003
   29  5.686587E+0005  5.238110E+0002  5.873297E-0004  9.862328E-0001 -1.562539E-0003
   30  5.691760E+0005  5.241149E+0002  5.873297E-0004  9.857580E-0001 -1.562539E-0003
   31  5.696933E+0005  5.244187E+0002  5.873297E-0004  9.852833E-0001 -1.562539E-0003
   32  5.702106E+0005  5.247225E+0002  5.873297E-0004  9.848085E-0001 -1.562539E-0003
   33  5.707279E+0005  5.250264E+0002  5.873297E-0004  9.843338E-0001 -1.562539E-0003
   34  5.712453E+0005  5.253303E+0002  5.874477E-0004  9.838590E-0001 -1.562225E-0003
   35  5.717626E+0005  5.256341E+0002  5.873297E-0004  9.833843E-0001 -1.562539E-0003
   36  5.722799E+0005  5.259379E+0002  5.873297E-0004  9.829095E-0001 -1.562539E-0003
   37  5.727972E+0005  5.262418E+0002  5.873297E-0004  9.824347E-0001 -1.562539E-0003
   38  5.733145E+0005  5.265457E+0002  5.874477E-0004  9.819599E-0001 -1.562422E-0003
   39  5.738318E+0005  5.268495E+0002  5.873297E-0004  9.814852E-0001 -1.562539E-0003
   40  5.743491E+0005  5.271533E+0002  5.873297E-0004  9.810104E-0001 -1.562735E-0003
   41  5.748664E+0005  5.274572E+0002  5.874477E-0004  9.805356E-0001 -1.562225E-0003
   42  5.753838E+0005  5.277610E+0002  5.873297E-0004  9.800609E-0001 -1.562539E-0003
   43  5.759011E+0005  5.280649E+0002  5.873297E-0004  9.795861E-0001 -1.562539E-0003
   44  5.764184E+0005  5.283688E+0002  5.874477E-0004  9.791113E-0001 -1.562422E-0003
   45  5.769357E+0005  5.286726E+0002  5.873297E-0004  9.786365E-0001 -1.562735E-0003
   46  5.774530E+0005  5.289764E+0002  5.873297E-0004  9.781618E-0001 -1.562539E-0003
   47  5.779703E+0005  5.292803E+0002  5.874477E-0004  9.776870E-0001 -1.562225E-0003
   48  5.784876E+0005  5.295842E+0002  5.873297E-0004  9.772122E-0001 -1.562735E-0003
   49  5.790049E+0005  5.298881E+0002  5.874477E-0004  9.767374E-0001 -1.562225E-0003
   50  5.795223E+0005  5.301919E+0002  5.873297E-0004  9.762627E-0001 -1.562539E-0003
   51  5.800396E+0005  5.304958E+0002  5.874477E-0004  9.757879E-0001 -1.562422E-0003
   52  5.805569E+0005  5.307996E+0002  5.873297E-0004  9.753131E-0001 -1.562539E-0003
   53  5.810742E+0005  5.311035E+0002  5.874477E-0004  9.748383E-0001 -1.562422E-0003
   54  5.815915E+0005  5.314073E+0002  5.873297E-0004  9.743635E-0001 -1.562735E-0003
   55  5.821088E+0005  5.317112E+0002  5.874477E-0004  9.738887E-0001 -1.562422E-0003
   56  5.826261E+0005  5.320151E+0002  5.873297E-0004  9.734139E-0001 -1.562735E-0003
   57  5.831434E+0005  5.323190E+0002  5.874477E-0004  9.729391E-0001 -1.562225E-0003
   58  5.836608E+0005  5.326228E+0002  5.873297E-0004  9.724643E-0001 -1.562735E-0003
   59  5.841781E+0005  5.329267E+0002  5.874477E-0004  9.719896E-0001 -1.562225E-0003
   60  5.846954E+0005  5.332305E+0002  5.873297E-0004  9.715148E-0001 -1.562735E-0003
   61  5.852127E+0005  5.335344E+0002  5.874477E-0004  9.710400E-0001 -1.562422E-0003
   62  5.857300E+0005  5.338383E+0002  5.873297E-0004  9.705651E-0001 -1.562735E-0003
   63  5.862473E+0005  5.341422E+0002  5.874477E-0004  9.700904E-0001 -1.562225E-0003
   64  5.867646E+0005  5.344460E+0002  5.874477E-0004  9.696156E-0001 -1.562422E-0003
   65  5.872819E+0005  5.347499E+0002  5.873297E-0004  9.691408E-0001 -1.562735E-0003
   66  5.877993E+0005  5.350538E+0002  5.874477E-0004  9.686660E-0001 -1.562422E-0003
   67  5.883166E+0005  5.353577E+0002  5.874477E-0004  9.681911E-0001 -1.562422E-0003
   68  5.888339E+0005  5.356616E+0002  5.874477E-0004  9.677163E-0001 -1.562422E-0003
   69  5.893512E+0005  5.359654E+0002  5.873297E-0004  9.672415E-0001 -1.562735E-0003
   70  5.898685E+0005  5.362693E+0002  5.874477E-0004  9.667667E-0001 -1.562422E-0003
   71  5.903858E+0005  5.365732E+0002  5.874477E-0004  9.662919E-0001 -1.562422E-0003
   72  5.909031E+0005  5.368771E+0002  5.874477E-0004  9.658171E-0001 -1.562422E-0003
   73  5.914204E+0005  5.371809E+0002  5.873297E-0004  9.653423E-0001 -1.562735E-0003
   74  5.919378E+0005  5.374848E+0002  5.874477E-0004  9.648675E-0001 -1.562422E-0003
   75  5.924551E+0005  5.377887E+0002  5.874477E-0004  9.643927E-0001 -1.562225E-0003
   76  5.929724E+0005  5.380925E+0002  5.873297E-0004  9.639179E-0001 -1.562735E-0003
   77  5.934897E+0005  5.383964E+0002  5.874477E-0004  9.634430E-0001 -1.562618E-0003
   78  5.940070E+0005  5.387003E+0002  5.874477E-0004  9.629682E-0001 -1.562422E-0003
   79  5.945243E+0005  5.390042E+0002  5.874477E-0004  9.624934E-0001 -1.562618E-0003
   80  5.950416E+0005  5.393081E+0002  5.874477E-0004  9.620185E-0001 -1.562422E-0003
   81  5.955589E+0005  5.396120E+0002  5.874477E-0004  9.615437E-0001 -1.562422E-0003
   82  5.960763E+0005  5.399159E+0002  5.874477E-0004  9.610689E-0001 -1.562422E-0003
   83  5.965936E+0005  5.402198E+0002  5.874477E-0004  9.605941E-0001 -1.562422E-0003
   84  5.971109E+0005  5.405237E+0002  5.874477E-0004  9.601192E-0001 -1.562618E-0003
   85  5.976282E+0005  5.408276E+0002  5.874477E-0004  9.596444E-0001 -1.562422E-0003
   86  5.981455E+0005  5.411314E+0002  5.873297E-0004  9.591696E-0001 -1.562932E-0003
   87  5.986628E+0005  5.414353E+0002  5.874477E-0004  9.586948E-0001 -1.562422E-0003
   88  5.991801E+0005  5.417392E+0002  5.874477E-0004  9.582199E-0001 -1.562422E-0003
   89  5.996974E+0005  5.420431E+0002  5.874477E-0004  9.577451E-0001 -1.562422E-0003
   90  6.002148E+0005  5.423470E+0002  5.874477E-0004  9.572703E-0001 -1.562422E-0003
   91  6.007321E+0005  5.426509E+0002  5.874477E-0004  9.567955E-0001 -1.562618E-0003
   92  6.012494E+0005  5.429548E+0002  5.874477E-0004  9.563206E-0001 -1.562422E-0003
   93  6.017667E+0005  5.432587E+0002  5.875657E-0004  9.558458E-0001 -1.562304E-0003
   94  6.022840E+0005  5.435626E+0002  5.874477E-0004  9.553709E-0001 -1.562618E-0003
   95  6.028013E+0005  5.438665E+0002  5.874477E-0004  9.548961E-0001 -1.562422E-0003
   96  6.033186E+0005  5.441704E+0002  5.874477E-0004  9.544212E-0001 -1.562618E-0003
   97  6.038359E+0005  5.444743E+0002  5.874477E-0004  9.539464E-0001 -1.562422E-0003
   98  6.043533E+0005  5.447782E+0002  5.874477E-0004  9.534715E-0001 -1.562618E-0003
   99  6.048706E+0005  5.450821E+0002  5.874477E-0004  9.529967E-0001 -1.562422E-0003
  100  6.053879E+0005  5.453860E+0002  5.874477E-0004  9.525219E-0001 -1.562618E-0003
  101  6.059052E+0005  5.456899E+0002  5.875657E-0004  9.520470E-0001 -1.562304E-0003
  102  6.064225E+0005  5.459938E+0002  5.874477E-0004  9.515721E-0001 -1.562618E-0003
  103  6.069398E+0005  5.462977E+0002  5.874477E-0004  9.510972E-0001 -1.562618E-0003
  104  6.074571E+0005  5.466016E+0002  5.874477E-0004  9.506224E-0001 -1.562618E-0003
  105  6.079744E+0005  5.469056E+0002  5.875657E-0004  9.501476E-0001 -1.562108E-0003
  106  6.084918E+0005  5.471587E+0002  4.892841E-0004  9.495332E-0001 -2.427159E-0003
  107  6.090091E+0005  5.473890E+0002  4.451577E-0004  9.488560E-0001 -2.940817E-0003
  108  6.095264E+0005  5.476192E+0002  4.450397E-0004  9.481788E-0001 -2.941338E-0003
  109  6.100437E+0005  5.478494E+0002  4.450397E-0004  9.475016E-0001 -2.941597E-0003
  110  6.105610E+0005  5.480797E+0002  4.451577E-0004  9.468244E-0001 -2.940817E-0003
  111  6.110783E+0005  5.483099E+0002  4.450397E-0004  9.461472E-0001 -2.941338E-0003
  112  6.115956E+0005  5.485402E+0002  4.451577E-0004  9.454700E-0001 -2.940817E-0003
  113  6.121129E+0005  5.487704E+0002  4.450397E-0004  9.447927E-0001 -2.941597E-0003
  114  6.126303E+0005  5.490007E+0002  4.450397E-0004  9.441156E-0001 -2.941338E-0003
  115  6.131476E+0005  5.492310E+0002  4.451577E-0004  9.434384E-0001 -2.940817E-0003
  116  6.136649E+0005  5.494612E+0002  4.450397E-0004  9.427611E-0001 -2.941597E-0003
  117  6.141822E+0005  5.496915E+0002  4.451577E-0004  9.420839E-0001 -2.940817E-0003
  118  6.146995E+0005  5.499217E+0002  4.450397E-0004  9.414067E-0001 -2.941338E-0003
  119  6.152168E+0005  5.501520E+0002  4.451577E-0004  9.407295E-0001 -2.940817E-0003
  120  6.157341E+0005  5.503823E+0002  4.451577E-0004  9.400522E-0001 -2.941076E-0003
  121  6.162514E+0005  5.506125E+0002  4.450397E-0004  9.393750E-0001 -2.941597E-0003
  122  6.167688E+0005  5.508428E+0002  4.451577E-0004  9.386978E-0001 -2.940817E-0003
  123  6.172861E+0005  5.510730E+0002  4.450397E-0004  9.380205E-0001 -2.941597E-0003
  124  6.178034E+0005  5.513033E+0002  4.451577E-0004  9.373432E-0001 -2.941076E-0003
  125  6.183207E+0005  5.515336E+0002  4.451577E-0004  9.366660E-0001 -2.940817E-0003
  126  6.188380E+0005  5.517638E+0002  4.450397E-0004  9.359888E-0001 -2.941597E-0003
  127  6.193553E+0005  5.519941E+0002  4.451577E-0004  9.353115E-0001 -2.941076E-0003
  128  6.198726E+0005  5.522244E+0002  4.451577E-0004  9.346343E-0001 -2.940817E-0003
  129  6.203899E+0005  5.524546E+0002  4.450397E-0004  9.339570E-0001 -2.941597E-0003
  130  6.209073E+0005  5.526849E+0002  4.451577E-0004  9.332798E-0001 -2.940817E-0003
  131  6.214246E+0005  5.529151E+0002  4.450397E-0004  9.326025E-0001 -2.941856E-0003
  132  6.219419E+0005  5.531454E+0002  4.451577E-0004  9.319253E-0001 -2.940817E-0003
  133  6.224592E+0005  5.533757E+0002  4.451577E-0004  9.312481E-0001 -2.940817E-0003
  134  6.229765E+0005  5.536059E+0002  4.450397E-0004  9.305708E-0001 -2.941856E-0003
  135  6.234938E+0005  5.538362E+0002  4.451577E-0004  9.298936E-0001 -2.940817E-0003
  136  6.240111E+0005  5.540665E+0002  4.451577E-0004  9.292163E-0001 -2.941076E-0003
  137  6.245284E+0005  5.542968E+0002  4.451577E-0004  9.285390E-0001 -2.941076E-0003
  138  6.250458E+0005  5.545270E+0002  4.451577E-0004  9.278617E-0001 -2.941076E-0003
  139  6.255631E+0005  5.547573E+0002  4.450397E-0004  9.271845E-0001 -2.941597E-0003
  140  6.260804E+0005  5.549875E+0002  4.451577E-0004  9.265072E-0001 -2.941076E-0003
  141  6.265977E+0005  5.552178E+0002  4.451577E-0004  9.258299E-0001 -2.941076E-0003
  142  6.271150E+0005  5.554481E+0002  4.451577E-0004  9.251526E-0001 -2.941076E-0003
  143  6.276323E+0005  5.556784E+0002  4.451577E-0004  9.244753E-0001 -2.941076E-0003
  144  6.281496E+0005  5.559087E+0002  4.451577E-0004  9.237980E-0001 -2.941076E-0003
  145  6.286669E+0005  5.561389E+0002  4.450397E-0004  9.231207E-0001 -2.941856E-0003
  146  6.291843E+0005  5.563692E+0002  4.451577E-0004  9.224434E-0001 -2.941076E-0003
  147  6.297016E+0005  5.565995E+0002  4.451577E-0004  9.217662E-0001 -2.941076E-0003
  148  6.302189E+0005  5.568298E+0002  4.451577E-0004  9.210889E-0001 -2.941076E-0003
  149  6.307362E+0005  5.570601E+0002  4.451577E-0004  9.204116E-0001 -2.941076E-0003
  150  6.312535E+0005  5.572903E+0002  4.451577E-0004  9.197343E-0001 -2.941076E-0003
  151  6.317708E+0005  5.575206E+0002  4.451577E-0004  9.190570E-0001 -2.941076E-0003
  152  6.322881E+0005  5.577509E+0002  4.450397E-0004  9.183797E-0001 -2.941856E-0003
  153  6.328054E+0005  5.579811E+0002  4.451577E-0004  9.177024E-0001 -2.941076E-0003
  154  6.333228E+0005  5.582114E+0002  4.451577E-0004  9.170251E-0001 -2.941076E-0003
  155  6.338401E+0005  5.584417E+0002  4.451577E-0004  9.163478E-0001 -2.941335E-0003
  156  6.343574E+0005  5.586720E+0002  4.451577E-0004  9.156705E-0001 -2.941076E-0003
  157  6.348747E+0005  5.589023E+0002  4.452757E-0004  9.149932E-0001 -2.940555E-0003
  158  6.353920E+0005  5.591326E+0002  4.451577E-0004  9.143159E-0001 -2.941076E-0003
  159  6.359093E+0005  5.593629E+0002  4.451577E-0004  9.136385E-0001 -2.941335E-0003
  160  6.364266E+0005  5.595932E+0002  4.451577E-0004  9.129612E-0001 -2.941076E-0003
  161  6.369439E+0005  5.598235E+0002  4.451577E-0004  9.122839E-0001 -2.941335E-0003
  162  6.374613E+0005  5.600538E+0002  4.451577E-0004  9.116066E-0001 -2.941076E-0003
  163  6.379786E+0005  5.602841E+0002  4.451577E-0004  9.109293E-0001 -2.941335E-0003
  164  6.384959E+0005  5.605143E+0002  4.451577E-0004  9.102519E-0001 -2.941335E-0003
  165  6.390132E+0005  5.607446E+0002  4.451577E-0004  9.095746E-0001 -2.941076E-0003
  166  6.395305E+0005  5.609749E+0002  4.451577E-0004  9.088973E-0001 -2.941335E-0003
  167  6.400478E+0005  5.612052E+0002  4.451577E-0004  9.082199E-0001 -2.941335E-0003
  168  6.405651E+0005  5.614355E+0002  4.451577E-0004  9.075426E-0001 -2.941076E-0003
  169  6.410824E+0005  5.616658E+0002  4.452757E-0004  9.068653E-0001 -2.940555E-0003
  170  6.415998E+0005  5.618961E+0002  4.451577E-0004  9.061880E-0001 -2.941335E-0003
  171  6.421171E+0005  5.621264E+0002  4.451577E-0004  9.055106E-0001 -2.941335E-0003
  172  6.426344E+0005  5.623567E+0002  4.451577E-0004  9.048333E-0001 -2.941335E-0003
  173  6.431517E+0005  5.625870E+0002  4.451577E-0004  9.041559E-0001 -2.941335E-0003
  174  6.436690E+0005  5.628173E+0002  4.451577E-0004  9.034786E-0001 -2.941335E-0003
  175  6.441863E+0005  5.630476E+0002  4.452757E-0004  9.028012E-0001 -2.940555E-0003
  176  6.447036E+0005  5.632779E+0002  4.451577E-0004  9.021239E-0001 -2.941335E-0003
  177  6.452209E+0005  5.635082E+0002  4.451577E-0004  9.014465E-0001 -2.941335E-0003
  178  6.457383E+0005  5.637385E+0002  4.451577E-0004  9.007692E-0001 -2.941335E-0003
  179  6.462556E+0005  5.639688E+0002  4.452757E-0004  9.000918E-0001 -2.940814E-0003
  180  6.467729E+0005  5.641414E+0002  3.335438E-0004  8.992559E-0001 -4.844123E-0003
  181  6.472902E+0005  5.643049E+0002  3.160820E-0004  8.983952E-0001 -5.263741E-0003
  182  6.478075E+0005  5.644684E+0002  3.162000E-0004  8.975345E-0001 -5.261777E-0003
  183  6.483248E+0005  5.646320E+0002  3.160820E-0004  8.966739E-0001 -5.263741E-0003
  184  6.488421E+0005  5.647955E+0002  3.160820E-0004  8.958132E-0001 -5.263741E-0003
  185  6.493594E+0005  5.649590E+0002  3.162000E-0004  8.949525E-0001 -5.261777E-0003
  186  6.498768E+0005  5.651226E+0002  3.160820E-0004  8.940918E-0001 -5.263741E-0003
  187  6.503941E+0005  5.652861E+0002  3.160820E-0004  8.932311E-0001 -5.263741E-0003
  188  6.509114E+0005  5.654496E+0002  3.162000E-0004  8.923703E-0001 -5.262142E-0003
  189  6.514287E+0005  5.656132E+0002  3.160820E-0004  8.915097E-0001 -5.263741E-0003
  190  6.519460E+0005  5.657767E+0002  3.160820E-0004  8.906490E-0001 -5.263741E-0003
  191  6.524633E+0005  5.659402E+0002  3.162000E-0004  8.897883E-0001 -5.261777E-0003
  192  6.529806E+0005  5.661038E+0002  3.160820E-0004  8.889275E-0001 -5.264106E-0003
  193  6.534979E+0005  5.662673E+0002  3.162000E-0004  8.880668E-0001 -5.262142E-0003
  194  6.540153E+0005  5.664308E+0002  3.160820E-0004  8.872061E-0001 -5.263741E-0003
  195  6.545326E+0005  5.665944E+0002  3.160820E-0004  8.863453E-0001 -5.264106E-0003
  196  6.550499E+0005  5.667579E+0002  3.162000E-0004  8.854846E-0001 -5.261777E-0003
  197  6.555672E+0005  5.669214E+0002  3.160820E-0004  8.846239E-0001 -5.264106E-0003
  198  6.560845E+0005  5.670850E+0002  3.162000E-0004  8.837631E-0001 -5.262142E-0003
  199  6.566018E+0005  5.672485E+0002  3.160820E-0004  8.829024E-0001 -5.263741E-0003
  200  6.571191E+0005  5.674120E+0002  3.160820E-0004  8.820417E-0001 -5.264106E-0003
  201  6.576364E+0005  5.675756E+0002  3.162000E-0004  8.811810E-0001 -5.261777E-0003
  202  6.581538E+0005  5.677391E+0002  3.160820E-0004  8.803203E-0001 -5.264106E-0003
  203  6.586711E+0005  5.679027E+0002  3.162000E-0004  8.794595E-0001 -5.262142E-0003
  204  6.591884E+0005  5.680662E+0002  3.160820E-0004  8.785988E-0001 -5.263741E-0003
  205  6.597057E+0005  5.682298E+0002  3.162000E-0004  8.777380E-0001 -5.262506E-0003
  206  6.602230E+0005  5.683933E+0002  3.160820E-0004  8.768772E-0001 -5.264106E-0003
  207  6.607403E+0005  5.685569E+0002  3.162000E-0004  8.760165E-0001 -5.262142E-0003
  208  6.612576E+0005  5.687204E+0002  3.160820E-0004  8.751557E-0001 -5.264470E-0003
  209  6.617749E+0005  5.688840E+0002  3.162000E-0004  8.742949E-0001 -5.262142E-0003
  210  6.622923E+0005  5.690475E+0002  3.160820E-0004  8.734342E-0001 -5.264106E-0003
  211  6.628096E+0005  5.692111E+0002  3.162000E-0004  8.725734E-0001 -5.262506E-0003
  212  6.633269E+0005  5.693746E+0002  3.160820E-0004  8.717126E-0001 -5.264106E-0003
  213  6.638442E+0005  5.695381E+0002  3.162000E-0004  8.708518E-0001 -5.262506E-0003
  214  6.643615E+0005  5.697017E+0002  3.162000E-0004  8.699911E-0001 -5.262142E-0003
  215  6.648788E+0005  5.698652E+0002  3.160820E-0004  8.691303E-0001 -5.264470E-0003
  216  6.653961E+0005  5.700288E+0002  3.162000E-0004  8.682695E-0001 -5.262142E-0003
  217  6.659134E+0005  5.701923E+0002  3.160820E-0004  8.674087E-0001 -5.264470E-0003
  218  6.664308E+0005  5.703559E+0002  3.162000E-0004  8.665479E-0001 -5.262142E-0003
  219  6.669481E+0005  5.705194E+0002  3.160820E-0004  8.656872E-0001 -5.264106E-0003
  220  6.674654E+0005  5.706830E+0002  3.162000E-0004  8.648264E-0001 -5.262506E-0003
  221  6.679827E+0005  5.708466E+0002  3.162000E-0004  8.639656E-0001 -5.262142E-0003
  222  6.685000E+0005  5.710101E+0002  3.160820E-0004  8.631048E-0001 -5.264470E-0003
  223  6.690173E+0005  5.711736E+0002  3.162000E-0004  8.622440E-0001 -5.262506E-0003
  224  6.695346E+0005  5.713372E+0002  3.160820E-0004  8.613833E-0001 -5.264106E-0003
  225  6.700519E+0005  5.715007E+0002  3.162000E-0004  8.605224E-0001 -5.262506E-0003
  226  6.705693E+0005  5.716643E+0002  3.162000E-0004  8.596616E-0001 -5.262506E-0003
  227  6.710866E+0005  5.718278E+0002  3.160820E-0004  8.588008E-0001 -5.264470E-0003
  228  6.716039E+0005  5.719914E+0002  3.162000E-0004  8.579401E-0001 -5.262142E-0003
  229  6.721212E+0005  5.721550E+0002  3.162000E-0004  8.570793E-0001 -5.262506E-0003
  230  6.726385E+0005  5.723185E+0002  3.160820E-0004  8.562185E-0001 -5.264470E-0003
  231  6.731558E+0005  5.724821E+0002  3.162000E-0004  8.553576E-0001 -5.262506E-0003
  232  6.736731E+0005  5.726456E+0002  3.162000E-0004  8.544968E-0001 -5.262506E-0003
  233  6.741904E+0005  5.728091E+0002  3.160820E-0004  8.536360E-0001 -5.264470E-0003
  234  6.747078E+0005  5.729727E+0002  3.162000E-0004  8.527752E-0001 -5.262506E-0003
  235  6.752251E+0005  5.731363E+0002  3.162000E-0004  8.519144E-0001 -5.262506E-0003
  236  6.757424E+0005  5.732998E+0002  3.160820E-0004  8.510536E-0001 -5.264470E-0003
  237  6.762597E+0005  5.734634E+0002  3.162000E-0004  8.501928E-0001 -5.262506E-0003
  238  6.767770E+0005  5.736270E+0002  3.162000E-0004  8.493320E-0001 -5.262506E-0003
  239  6.772943E+0005  5.737905E+0002  3.160820E-0004  8.484712E-0001 -5.264470E-0003
  240  6.778116E+0005  5.739540E+0002  3.162000E-0004  8.476103E-0001 -5.262870E-0003
  241  6.783289E+0005  5.741176E+0002  3.162000E-0004  8.467495E-0001 -5.262506E-0003
  242  6.788463E+0005  5.742811E+0002  3.160820E-0004  8.458886E-0001 -5.264835E-0003
  243  6.793636E+0005  5.744447E+0002  3.162000E-0004  8.450278E-0001 -5.262506E-0003
  244  6.798809E+0005  5.746083E+0002  3.162000E-0004  8.441669E-0001 -5.262870E-0003
  245  6.803982E+0005  5.747719E+0002  3.162000E-0004  8.433061E-0001 -5.262506E-0003
  246  6.809155E+0005  5.749354E+0002  3.162000E-0004  8.424453E-0001 -5.262870E-0003
  247  6.814328E+0005  5.750989E+0002  3.160820E-0004  8.415844E-0001 -5.264835E-0003
  248  6.819501E+0005  5.752625E+0002  3.162000E-0004  8.407235E-0001 -5.262870E-0003
  249  6.824674E+0005  5.754261E+0002  3.162000E-0004  8.398627E-0001 -5.262506E-0003
  250  6.829848E+0005  5.755897E+0002  3.162000E-0004  8.390018E-0001 -5.262870E-0003
  251  6.835021E+0005  5.757532E+0002  3.162000E-0004  8.381410E-0001 -5.262870E-0003
  252  6.840194E+0005  5.759168E+0002  3.162000E-0004  8.372801E-0001 -5.262870E-0003
  253  6.845367E+0005  5.760803E+0002  3.160820E-0004  8.364192E-0001 -5.264835E-0003
  254  6.850540E+0005  5.762439E+0002  3.162000E-0004  8.355584E-0001 -5.262870E-0003
  255  6.855713E+0005  5.764075E+0002  3.162000E-0004  8.346975E-0001 -5.262870E-0003
  256  6.860886E+0005  5.765710E+0002  3.162000E-0004  8.338366E-0001 -5.263234E-0003
  257  6.866059E+0005  5.767346E+0002  3.162000E-0004  8.329757E-0001 -5.262870E-0003
  258  6.871233E+0005  5.768982E+0002  3.162000E-0004  8.321148E-0001 -5.262870E-0003
  259  6.876406E+0005  5.770618E+0002  3.162000E-0004  8.312539E-0001 -5.262870E-0003
  260  6.881579E+0005  5.772253E+0002  3.162000E-0004  8.303930E-0001 -5.263234E-0003
  261  6.886752E+0005  5.773889E+0002  3.162000E-0004  8.295321E-0001 -5.262870E-0003
  262  6.891925E+0005  5.775525E+0002  3.162000E-0004  8.286712E-0001 -5.263234E-0003
  263  6.897098E+0005  5.777161E+0002  3.162000E-0004  8.278103E-0001 -5.262870E-0003
  264  6.902271E+0005  5.778796E+0002  3.162000E-0004  8.269495E-0001 -5.262870E-0003
  265  6.907444E+0005  5.780432E+0002  3.160820E-0004  8.260885E-0001 -5.265199E-0003
  266  6.912618E+0005  5.782067E+0002  3.162000E-0004  8.252276E-0001 -5.263234E-0003
  267  6.917791E+0005  5.783703E+0002  3.162000E-0004  8.243667E-0001 -5.263234E-0003
  268  6.922964E+0005  5.785339E+0002  3.162000E-0004  8.235058E-0001 -5.263234E-0003
  269  6.928137E+0005  5.786974E+0002  3.162000E-0004  8.226448E-0001 -5.263234E-0003
  270  6.933310E+0005  5.788610E+0002  3.162000E-0004  8.217840E-0001 -5.262870E-0003
  271  6.938483E+0005  5.790246E+0002  3.162000E-0004  8.209230E-0001 -5.263234E-0003
  272  6.943656E+0005  5.791882E+0002  3.162000E-0004  8.200621E-0001 -5.263234E-0003
  273  6.948829E+0005  5.793517E+0002  3.162000E-0004  8.192012E-0001 -5.262870E-0003
  274  6.954003E+0005  5.795153E+0002  3.162000E-0004  8.183403E-0001 -5.263234E-0003
  275  6.959176E+0005  5.796789E+0002  3.162000E-0004  8.174794E-0001 -5.262870E-0003
  276  6.964349E+0005  5.798425E+0002  3.162000E-0004  8.166185E-0001 -5.263234E-0003
  277  6.969522E+0005  5.800060E+0002  3.162000E-0004  8.157576E-0001 -5.262870E-0003
  278  6.974695E+0005  5.801696E+0002  3.162000E-0004  8.148967E-0001 -5.263234E-0003
  279  6.979868E+0005  5.803332E+0002  3.162000E-0004  8.140358E-0001 -5.263234E-0003
  280  6.985041E+0005  5.804968E+0002  3.162000E-0004  8.131748E-0001 -5.263234E-0003
  281  6.990214E+0005  5.806603E+0002  3.162000E-0004  8.123139E-0001 -5.263234E-0003
  282  6.995388E+0005  5.808239E+0002  3.162000E-0004  8.114530E-0001 -5.263234E-0003
  283  7.000561E+0005  5.809875E+0002  3.162000E-0004  8.105921E-0001 -5.263234E-0003
  284  7.005734E+0005  5.811511E+0002  3.162000E-0004  8.097311E-0001 -5.263234E-0003
  285  7.010907E+0005  5.813147E+0002  3.163180E-0004  8.088701E-0001 -5.261636E-0003
  286  7.016080E+0005  5.814783E+0002  3.162000E-0004  8.080092E-0001 -5.263234E-0003
  287  7.021253E+0005  5.816418E+0002  3.162000E-0004  8.071483E-0001 -5.263234E-0003
  288  7.026426E+0005  5.818054E+0002  3.162000E-0004  8.062873E-0001 -5.263599E-0003
  289  7.031599E+0005  5.819690E+0002  3.162000E-0004  8.054264E-0001 -5.263234E-0003
  290  7.036773E+0005  5.821326E+0002  3.162000E-0004  8.045654E-0001 -5.263234E-0003
  291  7.041946E+0005  5.822961E+0002  3.162000E-0004  8.037044E-0001 -5.263599E-0003
  292  7.047119E+0005  5.824597E+0002  3.162000E-0004  8.028435E-0001 -5.263599E-0003
  293  7.052292E+0005  5.826234E+0002  3.163180E-0004  8.019825E-0001 -5.261271E-0003
  294  7.057465E+0005  5.827869E+0002  3.162000E-0004  8.011215E-0001 -5.263599E-0003
  295  7.062638E+0005  5.829505E+0002  3.162000E-0004  8.002606E-0001 -5.263234E-0003
  296  7.067811E+0005  5.830772E+0002  2.449370E-0004  7.992984E-0001 -7.593761E-0003
  297  7.072984E+0005  5.831879E+0002  2.139070E-0004  7.982923E-0001 -9.092320E-0003
  298  7.078158E+0005  5.832985E+0002  2.139070E-0004  7.972862E-0001 -9.092320E-0003
  299  7.083331E+0005  5.834092E+0002  2.139070E-0004  7.962800E-0001 -9.092858E-0003
  300  7.088504E+0005  5.835199E+0002  2.140249E-0004  7.952738E-0001 -9.087307E-0003
  301  7.093677E+0005  5.836306E+0002  2.139070E-0004  7.942677E-0001 -9.092320E-0003
  302  7.098850E+0005  5.837412E+0002  2.139070E-0004  7.932616E-0001 -9.092320E-0003
  303  7.104023E+0005  5.838519E+0002  2.140249E-0004  7.922555E-0001 -9.087307E-0003
  304  7.109196E+0005  5.839626E+0002  2.139070E-0004  7.912493E-0001 -9.092320E-0003
  305  7.114369E+0005  5.840732E+0002  2.139070E-0004  7.902432E-0001 -9.092320E-0003
  306  7.119543E+0005  5.841839E+0002  2.139070E-0004  7.892371E-0001 -9.092320E-0003
  307  7.124716E+0005  5.842946E+0002  2.140249E-0004  7.882310E-0001 -9.087307E-0003
  308  7.129889E+0005  5.844053E+0002  2.139070E-0004  7.872248E-0001 -9.092320E-0003
  309  7.135062E+0005  5.845159E+0002  2.139070E-0004  7.862187E-0001 -9.092320E-0003
  310  7.140235E+0005  5.846266E+0002  2.140249E-0004  7.852126E-0001 -9.087307E-0003
  311  7.145408E+0005  5.847373E+0002  2.139070E-0004  7.842064E-0001 -9.092320E-0003
  312  7.150581E+0005  5.848480E+0002  2.139070E-0004  7.832003E-0001 -9.092320E-0003
  313  7.155754E+0005  5.849586E+0002  2.139070E-0004  7.821942E-0001 -9.092320E-0003
  314  7.160928E+0005  5.850693E+0002  2.140249E-0004  7.811880E-0001 -9.087846E-0003
  315  7.166101E+0005  5.851800E+0002  2.139070E-0004  7.801819E-0001 -9.092320E-0003
  316  7.171274E+0005  5.852906E+0002  2.139070E-0004  7.791757E-0001 -9.092858E-0003
  317  7.176447E+0005  5.854014E+0002  2.140249E-0004  7.781696E-0001 -9.087307E-0003
  318  7.181620E+0005  5.855120E+0002  2.139070E-0004  7.771634E-0001 -9.092858E-0003
  319  7.186793E+0005  5.856227E+0002  2.139070E-0004  7.761572E-0001 -9.092858E-0003
  320  7.191966E+0005  5.857334E+0002  2.140249E-0004  7.751511E-0001 -9.087307E-0003
  321  7.197139E+0005  5.858441E+0002  2.139070E-0004  7.741449E-0001 -9.092858E-0003
  322  7.202313E+0005  5.859547E+0002  2.139070E-0004  7.731388E-0001 -9.092320E-0003
  323  7.207486E+0005  5.860654E+0002  2.140249E-0004  7.721326E-0001 -9.087846E-0003
  324  7.212659E+0005  5.861761E+0002  2.139070E-0004  7.711264E-0001 -9.092858E-0003
  325  7.217832E+0005  5.862868E+0002  2.140249E-0004  7.701202E-0001 -9.087846E-0003
  326  7.223005E+0005  5.863975E+0002  2.139070E-0004  7.691140E-0001 -9.092858E-0003
  327  7.228178E+0005  5.865081E+0002  2.139070E-0004  7.681078E-0001 -9.092858E-0003
  328  7.233351E+0005  5.866188E+0002  2.140249E-0004  7.671016E-0001 -9.087846E-0003
  329  7.238524E+0005  5.867295E+0002  2.139070E-0004  7.660955E-0001 -9.092858E-0003
  330  7.243698E+0005  5.868401E+0002  2.139070E-0004  7.650893E-0001 -9.092858E-0003
  331  7.248871E+0005  5.869509E+0002  2.140249E-0004  7.640831E-0001 -9.087846E-0003
  332  7.254044E+0005  5.870615E+0002  2.139070E-0004  7.630769E-0001 -9.092858E-0003
  333  7.259217E+0005  5.871722E+0002  2.140249E-0004  7.620707E-0001 -9.087846E-0003
  334  7.264390E+0005  5.872829E+0002  2.139070E-0004  7.610645E-0001 -9.092858E-0003
  335  7.269563E+0005  5.873936E+0002  2.139070E-0004  7.600583E-0001 -9.092858E-0003
  336  7.274736E+0005  5.875043E+0002  2.140249E-0004  7.590521E-0001 -9.088384E-0003
  337  7.279909E+0005  5.876149E+0002  2.139070E-0004  7.580459E-0001 -9.092858E-0003
  338  7.285083E+0005  5.877256E+0002  2.140249E-0004  7.570397E-0001 -9.087846E-0003
  339  7.290256E+0005  5.878363E+0002  2.139070E-0004  7.560335E-0001 -9.092858E-0003
  340  7.295429E+0005  5.879470E+0002  2.140249E-0004  7.550274E-0001 -9.087846E-0003
  341  7.300602E+0005  5.880577E+0002  2.139070E-0004  7.540211E-0001 -9.093396E-0003
  342  7.305775E+0005  5.881683E+0002  2.139070E-0004  7.530149E-0001 -9.092858E-0003
  343  7.310948E+0005  5.882791E+0002  2.140249E-0004  7.520087E-0001 -9.088384E-0003
  344  7.316121E+0005  5.883897E+0002  2.139070E-0004  7.510024E-0001 -9.093396E-0003
  345  7.321294E+0005  5.885004E+0002  2.140249E-0004  7.499962E-0001 -9.087846E-0003
  346  7.326468E+0005  5.886111E+0002  2.139070E-0004  7.489900E-0001 -9.093396E-0003
  347  7.331641E+0005  5.887218E+0002  2.140249E-0004  7.479838E-0001 -9.087846E-0003
  348  7.336814E+0005  5.888325E+0002  2.139070E-0004  7.469776E-0001 -9.093396E-0003
  349  7.341987E+0005  5.889432E+0002  2.140249E-0004  7.459713E-0001 -9.088384E-0003
  350  7.347160E+0005  5.890538E+0002  2.139070E-0004  7.449651E-0001 -9.092858E-0003
  351  7.352333E+0005  5.891646E+0002  2.140249E-0004  7.439589E-0001 -9.088384E-0003
  352  7.357506E+0005  5.892752E+0002  2.139070E-0004  7.429526E-0001 -9.093396E-0003
  353  7.362679E+0005  5.893859E+0002  2.140249E-0004  7.419464E-0001 -9.088384E-0003
  354  7.367853E+0005  5.894966E+0002  2.139070E-0004  7.409402E-0001 -9.093396E-0003
  355  7.373026E+0005  5.896073E+0002  2.140249E-0004  7.399339E-0001 -9.088384E-0003
  356  7.378199E+0005  5.897180E+0002  2.139070E-0004  7.389277E-0001 -9.093396E-0003
  357  7.383372E+0005  5.898286E+0002  2.139070E-0004  7.379215E-0001 -9.092858E-0003
  358  7.388545E+0005  5.899393E+0002  2.140249E-0004  7.369152E-0001 -9.088384E-0003
  359  7.393718E+0005  5.900500E+0002  2.139070E-0004  7.359090E-0001 -9.093396E-0003
  360  7.398891E+0005  5.901607E+0002  2.140249E-0004  7.349027E-0001 -9.088922E-0003
  361  7.404064E+0005  5.902714E+0002  2.140249E-0004  7.338964E-0001 -9.088384E-0003
  362  7.409238E+0005  5.903821E+0002  2.139070E-0004  7.328902E-0001 -9.093396E-0003
  363  7.414411E+0005  5.904928E+0002  2.140249E-0004  7.318839E-0001 -9.088922E-0003
  364  7.419584E+0005  5.906035E+0002  2.139070E-0004  7.308776E-0001 -9.093396E-0003
  365  7.424757E+0005  5.907142E+0002  2.140249E-0004  7.298714E-0001 -9.088384E-0003
  366  7.429930E+0005  5.908248E+0002  2.139070E-0004  7.288651E-0001 -9.093396E-0003
  367  7.435103E+0005  5.909355E+0002  2.140249E-0004  7.278588E-0001 -9.088922E-0003
  368  7.440276E+0005  5.910462E+0002  2.139070E-0004  7.268526E-0001 -9.093396E-0003
  369  7.445449E+0005  5.911569E+0002  2.140249E-0004  7.258463E-0001 -9.088922E-0003
  370  7.450623E+0005  5.912676E+0002  2.139070E-0004  7.248400E-0001 -9.093936E-0003
  371  7.455796E+0005  5.913783E+0002  2.140249E-0004  7.238337E-0001 -9.088384E-0003
  372  7.460969E+0005  5.914890E+0002  2.139070E-0004  7.228274E-0001 -9.093936E-0003
  373  7.466142E+0005  5.915997E+0002  2.140249E-0004  7.218212E-0001 -9.088384E-0003
  374  7.471315E+0005  5.917104E+0002  2.140249E-0004  7.208149E-0001 -9.088922E-0003
  375  7.476488E+0005  5.918210E+0002  2.139070E-0004  7.198086E-0001 -9.093936E-0003
  376  7.481661E+0005  5.919318E+0002  2.140249E-0004  7.188023E-0001 -9.088384E-0003
  377  7.486834E+0005  5.920424E+0002  2.139070E-0004  7.177960E-0001 -9.093936E-0003
  378  7.492008E+0005  5.921531E+0002  2.140249E-0004  7.167897E-0001 -9.088922E-0003
  379  7.497181E+0005  5.922638E+0002  2.139070E-0004  7.157834E-0001 -9.093936E-0003
  380  7.502354E+0005  5.923745E+0002  2.140249E-0004  7.147772E-0001 -9.088384E-0003
  381  7.507527E+0005  5.924852E+0002  2.140249E-0004  7.137709E-0001 -9.088922E-0003
  382  7.512700E+0005  5.925959E+0002  2.139070E-0004  7.127646E-0001 -9.093936E-0003
  383  7.517873E+0005  5.927066E+0002  2.140249E-0004  7.117583E-0001 -9.088922E-0003
  384  7.523046E+0005  5.928173E+0002  2.139070E-0004  7.107520E-0001 -9.093396E-0003
  385  7.528219E+0005  5.929280E+0002  2.140249E-0004  7.097457E-0001 -9.088922E-0003
  386  7.533393E+0005  5.930386E+0002  2.139070E-0004  7.087394E-0001 -9.093936E-0003
  387  7.538566E+0005  5.931494E+0002  2.140249E-0004  7.077331E-0001 -9.088922E-0003
  388  7.543739E+0005  5.932601E+0002  2.140249E-0004  7.067267E-0001 -9.089461E-0003
  389  7.548912E+0005  5.933707E+0002  2.139070E-0004  7.057204E-0001 -9.093936E-0003
  390  7.554085E+0005  5.934814E+0002  2.140249E-0004  7.047141E-0001 -9.089461E-0003
  391  7.559258E+0005  5.935922E+0002  2.140249E-0004  7.037078E-0001 -9.088922E-0003
  392  7.564431E+0005  5.937028E+0002  2.139070E-0004  7.027014E-0001 -9.094474E-0003
  393  7.569604E+0005  5.938135E+0002  2.140249E-0004  7.016951E-0001 -9.088922E-0003
  394  7.574778E+0005  5.939243E+0002  2.140249E-0004  7.006887E-0001 -9.089461E-0003
  395  7.579951E+0005  5.940213E+0002  1.875963E-0004  6.996450E-0001 -1.075447E-0002
  396  7.585124E+0005  5.940888E+0002  1.304915E-0004  6.985203E-0001 -1.666160E-0002
  397  7.590297E+0005  5.941563E+0002  1.303735E-0004  6.973955E-0001 -1.667757E-0002
  398  7.595470E+0005  5.942238E+0002  1.304915E-0004  6.962708E-0001 -1.666160E-0002
  399  7.600643E+0005  5.942913E+0002  1.304915E-0004  6.951460E-0001 -1.666249E-0002
  400  7.605816E+0005  5.943587E+0002  1.303735E-0004  6.940212E-0001 -1.667668E-0002
  401  7.610989E+0005  5.944262E+0002  1.304915E-0004  6.928965E-0001 -1.666160E-0002
  402  7.616163E+0005  5.944937E+0002  1.304915E-0004  6.917717E-0001 -1.666249E-0002
  403  7.621336E+0005  5.945612E+0002  1.303735E-0004  6.906469E-0001 -1.667668E-0002
  404  7.626509E+0005  5.946287E+0002  1.304915E-0004  6.895222E-0001 -1.666160E-0002
  405  7.631682E+0005  5.946962E+0002  1.304915E-0004  6.883974E-0001 -1.666249E-0002
  406  7.636855E+0005  5.947636E+0002  1.303735E-0004  6.872727E-0001 -1.667668E-0002
  407  7.642028E+0005  5.948311E+0002  1.304915E-0004  6.861479E-0001 -1.666249E-0002
  408  7.647201E+0005  5.948986E+0002  1.304915E-0004  6.850231E-0001 -1.666160E-0002
  409  7.652374E+0005  5.949661E+0002  1.304915E-0004  6.838984E-0001 -1.666160E-0002
  410  7.657548E+0005  5.950336E+0002  1.303735E-0004  6.827736E-0001 -1.667757E-0002
  411  7.662721E+0005  5.951011E+0002  1.304915E-0004  6.816488E-0001 -1.666249E-0002
  412  7.667894E+0005  5.951686E+0002  1.304915E-0004  6.805241E-0001 -1.666160E-0002
  413  7.673067E+0005  5.952360E+0002  1.303735E-0004  6.793993E-0001 -1.667757E-0002
  414  7.678240E+0005  5.953035E+0002  1.304915E-0004  6.782745E-0001 -1.666249E-0002
  415  7.683413E+0005  5.953710E+0002  1.304915E-0004  6.771497E-0001 -1.666160E-0002
  416  7.688586E+0005  5.954385E+0002  1.303735E-0004  6.760249E-0001 -1.667757E-0002
  417  7.693759E+0005  5.955060E+0002  1.304915E-0004  6.749001E-0001 -1.666249E-0002
  418  7.698933E+0005  5.955735E+0002  1.304915E-0004  6.737754E-0001 -1.666160E-0002
  419  7.704106E+0005  5.956410E+0002  1.304915E-0004  6.726506E-0001 -1.666249E-0002
  420  7.709279E+0005  5.957084E+0002  1.303735E-0004  6.715258E-0001 -1.667757E-0002
  421  7.714452E+0005  5.957759E+0002  1.304915E-0004  6.704010E-0001 -1.666160E-0002
  422  7.719625E+0005  5.958434E+0002  1.304915E-0004  6.692762E-0001 -1.666249E-0002
  423  7.724798E+0005  5.959109E+0002  1.303735E-0004  6.681514E-0001 -1.667757E-0002
  424  7.729971E+0005  5.959784E+0002  1.304915E-0004  6.670266E-0001 -1.666249E-0002
  425  7.735144E+0005  5.960459E+0002  1.304915E-0004  6.659018E-0001 -1.666249E-0002
  426  7.740318E+0005  5.961134E+0002  1.304915E-0004  6.647770E-0001 -1.666249E-0002
  427  7.745491E+0005  5.961808E+0002  1.303735E-0004  6.636522E-0001 -1.667757E-0002
  428  7.750664E+0005  5.962484E+0002  1.304915E-0004  6.625274E-0001 -1.666249E-0002
  429  7.755837E+0005  5.963159E+0002  1.304915E-0004  6.614026E-0001 -1.666249E-0002
  430  7.761010E+0005  5.963834E+0002  1.304915E-0004  6.602778E-0001 -1.666337E-0002
  431  7.766183E+0005  5.964508E+0002  1.303735E-0004  6.591530E-0001 -1.667757E-0002
  432  7.771356E+0005  5.965183E+0002  1.304915E-0004  6.580282E-0001 -1.666249E-0002
  433  7.776529E+0005  5.965858E+0002  1.304915E-0004  6.569034E-0001 -1.666249E-0002
  434  7.781703E+0005  5.966533E+0002  1.303735E-0004  6.557785E-0001 -1.667845E-0002
  435  7.786876E+0005  5.967208E+0002  1.304915E-0004  6.546537E-0001 -1.666249E-0002
  436  7.792049E+0005  5.967883E+0002  1.304915E-0004  6.535289E-0001 -1.666249E-0002
  437  7.797222E+0005  5.968558E+0002  1.304915E-0004  6.524041E-0001 -1.666249E-0002
  438  7.802395E+0005  5.969232E+0002  1.303735E-0004  6.512793E-0001 -1.667757E-0002
  439  7.807568E+0005  5.969907E+0002  1.304915E-0004  6.501545E-0001 -1.666337E-0002
  440  7.812741E+0005  5.970582E+0002  1.304915E-0004  6.490297E-0001 -1.666249E-0002
  441  7.817914E+0005  5.971257E+0002  1.304915E-0004  6.479048E-0001 -1.666337E-0002
  442  7.823088E+0005  5.971932E+0002  1.303735E-0004  6.467800E-0001 -1.667757E-0002
  443  7.828261E+0005  5.972607E+0002  1.304915E-0004  6.456552E-0001 -1.666337E-0002
  444  7.833434E+0005  5.973282E+0002  1.304915E-0004  6.445303E-0001 -1.666337E-0002
  445  7.838607E+0005  5.973957E+0002  1.304915E-0004  6.434055E-0001 -1.666249E-0002
  446  7.843780E+0005  5.974631E+0002  1.303735E-0004  6.422806E-0001 -1.667845E-0002
  447  7.848953E+0005  5.975306E+0002  1.304915E-0004  6.411558E-0001 -1.666337E-0002
  448  7.854126E+0005  5.975981E+0002  1.304915E-0004  6.400310E-0001 -1.666249E-0002
  449  7.859299E+0005  5.976656E+0002  1.304915E-0004  6.389061E-0001 -1.666337E-0002
  450  7.864473E+0005  5.977331E+0002  1.303735E-0004  6.377813E-0001 -1.667757E-0002
  451  7.869646E+0005  5.978006E+0002  1.304915E-0004  6.366565E-0001 -1.666337E-0002
  452  7.874819E+0005  5.978681E+0002  1.304915E-0004  6.355316E-0001 -1.666337E-0002
  453  7.879992E+0005  5.979356E+0002  1.304915E-0004  6.344068E-0001 -1.666249E-0002
  454  7.885165E+0005  5.980031E+0002  1.303735E-0004  6.332819E-0001 -1.667845E-0002
  455  7.890338E+0005  5.980706E+0002  1.304915E-0004  6.321571E-0001 -1.666337E-0002
  456  7.895511E+0005  5.981381E+0002  1.304915E-0004  6.310322E-0001 -1.666337E-0002
  457  7.900684E+0005  5.982056E+0002  1.304915E-0004  6.299074E-0001 -1.666337E-0002
  458  7.905858E+0005  5.982731E+0002  1.304915E-0004  6.287825E-0001 -1.666337E-0002
  459  7.911031E+0005  5.983405E+0002  1.303735E-0004  6.276577E-0001 -1.667757E-0002
  460  7.916204E+0005  5.984080E+0002  1.304915E-0004  6.265329E-0001 -1.666337E-0002
  461  7.921377E+0005  5.984755E+0002  1.304915E-0004  6.254080E-0001 -1.666337E-0002
  462  7.926550E+0005  5.985430E+0002  1.304915E-0004  6.242831E-0001 -1.666337E-0002
  463  7.931723E+0005  5.986105E+0002  1.303735E-0004  6.231583E-0001 -1.667845E-0002
  464  7.936896E+0005  5.986780E+0002  1.304915E-0004  6.220334E-0001 -1.666337E-0002
  465  7.942069E+0005  5.987455E+0002  1.304915E-0004  6.209086E-0001 -1.666337E-0002
  466  7.947243E+0005  5.988130E+0002  1.304915E-0004  6.197837E-0001 -1.666337E-0002
  467  7.952416E+0005  5.988805E+0002  1.304915E-0004  6.186588E-0001 -1.666337E-0002
  468  7.957589E+0005  5.989479E+0002  1.303735E-0004  6.175340E-0001 -1.667845E-0002
  469  7.962762E+0005  5.990154E+0002  1.304915E-0004  6.164091E-0001 -1.666337E-0002
  470  7.967935E+0005  5.990829E+0002  1.304915E-0004  6.152843E-0001 -1.666337E-0002
  471  7.973108E+0005  5.991505E+0002  1.304915E-0004  6.141593E-0001 -1.666425E-0002
  472  7.978281E+0005  5.992180E+0002  1.304915E-0004  6.130345E-0001 -1.666337E-0002
  473  7.983454E+0005  5.992854E+0002  1.303735E-0004  6.119096E-0001 -1.667933E-0002
  474  7.988628E+0005  5.993529E+0002  1.304915E-0004  6.107846E-0001 -1.666425E-0002
  475  7.993801E+0005  5.994204E+0002  1.304915E-0004  6.096598E-0001 -1.666337E-0002
  476  7.998974E+0005  5.994879E+0002  1.304915E-0004  6.085349E-0001 -1.666425E-0002
  477  8.004147E+0005  5.995554E+0002  1.304915E-0004  6.074100E-0001 -1.666337E-0002
  478  8.009320E+0005  5.996229E+0002  1.303735E-0004  6.062851E-0001 -1.667933E-0002
  479  8.014493E+0005  5.996904E+0002  1.304915E-0004  6.051602E-0001 -1.666337E-0002
  480  8.019666E+0005  5.997579E+0002  1.304915E-0004  6.040353E-0001 -1.666425E-0002
  481  8.024839E+0005  5.998254E+0002  1.304915E-0004  6.029105E-0001 -1.666337E-0002
  482  8.030013E+0005  5.998929E+0002  1.304915E-0004  6.017855E-0001 -1.666425E-0002
  483  8.035186E+0005  5.999604E+0002  1.304915E-0004  6.006607E-0001 -1.666337E-0002
  484  8.040359E+0005  6.000237E+0002  1.224685E-0004  5.995246E-0001 -1.793281E-0002
  485  8.045532E+0005  6.000814E+0002  1.113779E-0004  5.983726E-0001 -1.999367E-0002
  486  8.050705E+0005  6.001390E+0002  1.113779E-0004  5.972206E-0001 -1.999367E-0002
  487  8.055878E+0005  6.001966E+0002  1.113779E-0004  5.960686E-0001 -1.999470E-0002
  488  8.061051E+0005  6.002542E+0002  1.112599E-0004  5.949166E-0001 -2.001487E-0002
  489  8.066224E+0005  6.003118E+0002  1.113779E-0004  5.937646E-0001 -1.999367E-0002
  490  8.071398E+0005  6.003694E+0002  1.113779E-0004  5.926126E-0001 -1.999470E-0002
  491  8.076571E+0005  6.004270E+0002  1.113779E-0004  5.914606E-0001 -1.999367E-0002
  492  8.081744E+0005  6.004846E+0002  1.112599E-0004  5.903086E-0001 -2.001487E-0002
  493  8.086917E+0005  6.005422E+0002  1.113779E-0004  5.891566E-0001 -1.999367E-0002
  494  8.092090E+0005  6.005998E+0002  1.113779E-0004  5.880046E-0001 -1.999470E-0002
  495  8.097263E+0005  6.006573E+0002  1.112599E-0004  5.868526E-0001 -2.001487E-0002
  496  8.102436E+0005  6.007150E+0002  1.113779E-0004  5.857006E-0001 -1.999367E-0002
  497  8.107609E+0005  6.007726E+0002  1.113779E-0004  5.845486E-0001 -1.999470E-0002
  498  8.112783E+0005  6.008302E+0002  1.113779E-0004  5.833966E-0001 -1.999367E-0002
  499  8.117956E+0005  6.008878E+0002  1.112599E-0004  5.822446E-0001 -2.001487E-0002
  500  8.123129E+0005  6.009454E+0002  1.113779E-0004  5.810926E-0001 -1.999470E-0002
  501  8.128302E+0005  6.010030E+0002  1.113779E-0004  5.799406E-0001 -1.999367E-0002
  502  8.133475E+0005  6.010605E+0002  1.112599E-0004  5.787886E-0001 -2.001591E-0002
  503  8.138648E+0005  6.011182E+0002  1.113779E-0004  5.776365E-0001 -1.999470E-0002
  504  8.143821E+0005  6.011758E+0002  1.113779E-0004  5.764845E-0001 -1.999470E-0002
  505  8.148994E+0005  6.012334E+0002  1.113779E-0004  5.753325E-0001 -1.999470E-0002
  506  8.154168E+0005  6.012910E+0002  1.112599E-0004  5.741804E-0001 -2.001591E-0002
  507  8.159341E+0005  6.013486E+0002  1.113779E-0004  5.730284E-0001 -1.999470E-0002
  508  8.164514E+0005  6.014062E+0002  1.113779E-0004  5.718763E-0001 -1.999470E-0002
  509  8.169687E+0005  6.014638E+0002  1.113779E-0004  5.707244E-0001 -1.999367E-0002
  510  8.174860E+0005  6.015214E+0002  1.112599E-0004  5.695723E-0001 -2.001591E-0002
  511  8.180033E+0005  6.015790E+0002  1.113779E-0004  5.684203E-0001 -1.999470E-0002
  512  8.185206E+0005  6.016366E+0002  1.113779E-0004  5.672683E-0001 -1.999470E-0002
  513  8.190379E+0005  6.016942E+0002  1.113779E-0004  5.661162E-0001 -1.999470E-0002
  514  8.195553E+0005  6.017518E+0002  1.112599E-0004  5.649642E-0001 -2.001591E-0002
  515  8.200726E+0005  6.018094E+0002  1.113779E-0004  5.638121E-0001 -1.999470E-0002
  516  8.205899E+0005  6.018670E+0002  1.113779E-0004  5.626601E-0001 -1.999470E-0002
  517  8.211072E+0005  6.019246E+0002  1.113779E-0004  5.615081E-0001 -1.999470E-0002
  518  8.216245E+0005  6.019822E+0002  1.112599E-0004  5.603560E-0001 -2.001591E-0002
  519  8.221418E+0005  6.020398E+0002  1.113779E-0004  5.592040E-0001 -1.999470E-0002
  520  8.226591E+0005  6.020974E+0002  1.113779E-0004  5.580519E-0001 -1.999470E-0002
  521  8.231764E+0005  6.021550E+0002  1.113779E-0004  5.568999E-0001 -1.999470E-0002
  522  8.236938E+0005  6.022126E+0002  1.112599E-0004  5.557478E-0001 -2.001694E-0002
  523  8.242111E+0005  6.022702E+0002  1.113779E-0004  5.545958E-0001 -1.999470E-0002
  524  8.247284E+0005  6.023278E+0002  1.113779E-0004  5.534437E-0001 -1.999470E-0002
  525  8.252457E+0005  6.023854E+0002  1.113779E-0004  5.522917E-0001 -1.999470E-0002
  526  8.257630E+0005  6.024430E+0002  1.112599E-0004  5.511396E-0001 -2.001694E-0002
  527  8.262803E+0005  6.025006E+0002  1.113779E-0004  5.499876E-0001 -1.999470E-0002
  528  8.267976E+0005  6.025582E+0002  1.113779E-0004  5.488355E-0001 -1.999470E-0002
  529  8.273149E+0005  6.026158E+0002  1.113779E-0004  5.476834E-0001 -1.999574E-0002
  530  8.278323E+0005  6.026734E+0002  1.112599E-0004  5.465314E-0001 -2.001591E-0002
  531  8.283496E+0005  6.027310E+0002  1.113779E-0004  5.453793E-0001 -1.999470E-0002
  532  8.288669E+0005  6.027886E+0002  1.113779E-0004  5.442273E-0001 -1.999470E-0002
  533  8.293842E+0005  6.028463E+0002  1.113779E-0004  5.430752E-0001 -1.999574E-0002
  534  8.299015E+0005  6.029039E+0002  1.113779E-0004  5.419232E-0001 -1.999470E-0002
  535  8.304188E+0005  6.029614E+0002  1.112599E-0004  5.407711E-0001 -2.001591E-0002
  536  8.309361E+0005  6.030190E+0002  1.113779E-0004  5.396190E-0001 -1.999574E-0002
  537  8.314534E+0005  6.030767E+0002  1.113779E-0004  5.384670E-0001 -1.999470E-0002
  538  8.319708E+0005  6.031343E+0002  1.113779E-0004  5.373149E-0001 -1.999574E-0002
  539  8.324881E+0005  6.031918E+0002  1.112599E-0004  5.361628E-0001 -2.001694E-0002
  540  8.330054E+0005  6.032495E+0002  1.113779E-0004  5.350108E-0001 -1.999470E-0002
  541  8.335227E+0005  6.033071E+0002  1.113779E-0004  5.338587E-0001 -1.999574E-0002
  542  8.340400E+0005  6.033647E+0002  1.113779E-0004  5.327066E-0001 -1.999574E-0002
  543  8.345573E+0005  6.034223E+0002  1.113779E-0004  5.315545E-0001 -1.999574E-0002
  544  8.350746E+0005  6.034799E+0002  1.112599E-0004  5.304024E-0001 -2.001591E-0002
  545  8.355919E+0005  6.035375E+0002  1.113779E-0004  5.292503E-0001 -1.999574E-0002
  546  8.361093E+0005  6.035951E+0002  1.113779E-0004  5.280982E-0001 -1.999574E-0002
  547  8.366266E+0005  6.036527E+0002  1.113779E-0004  5.269461E-0001 -1.999574E-0002
  548  8.371439E+0005  6.037103E+0002  1.112599E-0004  5.257941E-0001 -2.001591E-0002
  549  8.376612E+0005  6.037679E+0002  1.113779E-0004  5.246420E-0001 -1.999574E-0002
  550  8.381785E+0005  6.038255E+0002  1.113779E-0004  5.234899E-0001 -1.999574E-0002
  551  8.386958E+0005  6.038831E+0002  1.113779E-0004  5.223379E-0001 -1.999470E-0002
  552  8.392131E+0005  6.039407E+0002  1.113779E-0004  5.211858E-0001 -1.999574E-0002
  553  8.397304E+0005  6.039983E+0002  1.112599E-0004  5.200337E-0001 -2.001694E-0002
  554  8.402478E+0005  6.040559E+0002  1.113779E-0004  5.188816E-0001 -1.999574E-0002
  555  8.407651E+0005  6.041135E+0002  1.113779E-0004  5.177295E-0001 -1.999574E-0002
  556  8.412824E+0005  6.041711E+0002  1.113779E-0004  5.165774E-0001 -1.999574E-0002
  557  8.417997E+0005  6.042288E+0002  1.113779E-0004  5.154252E-0001 -1.999677E-0002
  558  8.423170E+0005  6.042863E+0002  1.112599E-0004  5.142731E-0001 -2.001694E-0002
  559  8.428343E+0005  6.043439E+0002  1.113779E-0004  5.131210E-0001 -1.999574E-0002
  560  8.433516E+0005  6.044016E+0002  1.113779E-0004  5.119689E-0001 -1.999574E-0002
  561  8.438689E+0005  6.044592E+0002  1.113779E-0004  5.108168E-0001 -1.999677E-0002
  562  8.443863E+0005  6.045168E+0002  1.113779E-0004  5.096647E-0001 -1.999574E-0002
  563  8.449036E+0005  6.045744E+0002  1.113779E-0004  5.085126E-0001 -1.999574E-0002
  564  8.454209E+0005  6.046320E+0002  1.112599E-0004  5.073605E-0001 -2.001694E-0002
  565  8.459382E+0005  6.046896E+0002  1.113779E-0004  5.062084E-0001 -1.999574E-0002
  566  8.464555E+0005  6.047472E+0002  1.113779E-0004  5.050562E-0001 -1.999677E-0002
  567  8.469728E+0005  6.048048E+0002  1.113779E-0004  5.039041E-0001 -1.999574E-0002
  568  8.474901E+0005  6.048624E+0002  1.113779E-0004  5.027520E-0001 -1.999574E-0002
  569  8.480074E+0005  6.049200E+0002  1.112599E-0004  5.015999E-0001 -2.001694E-0002
  570  8.485248E+0005  6.049776E+0002  1.113779E-0004  5.004478E-0001 -1.999574E-0002
  571  8.490421E+0005  6.050289E+0002  9.910746E-0005  4.992783E-0001 -2.281087E-0002
  572  8.495594E+0005  6.050761E+0002  9.132045E-0005  4.980977E-0001 -2.499003E-0002
  573  8.500767E+0005  6.051233E+0002  9.120247E-0005  4.969172E-0001 -2.502173E-0002
  574  8.505940E+0005  6.051705E+0002  9.132045E-0005  4.957367E-0001 -2.498940E-0002
  575  8.511113E+0005  6.052178E+0002  9.132045E-0005  4.945561E-0001 -2.499003E-0002
  576  8.516286E+0005  6.052650E+0002  9.120247E-0005  4.933756E-0001 -2.502173E-0002
  577  8.521459E+0005  6.053122E+0002  9.132045E-0005  4.921951E-0001 -2.498940E-0002
  578  8.526633E+0005  6.053594E+0002  9.132045E-0005  4.910145E-0001 -2.499003E-0002
  579  8.531806E+0005  6.054066E+0002  9.120247E-0005  4.898340E-0001 -2.502173E-0002
  580  8.536979E+0005  6.054539E+0002  9.132045E-0005  4.886535E-0001 -2.498940E-0002
  581  8.542152E+0005  6.055011E+0002  9.132045E-0005  4.874729E-0001 -2.499003E-0002
  582  8.547325E+0005  6.055483E+0002  9.120247E-0005  4.862924E-0001 -2.502173E-0002
  583  8.552498E+0005  6.055955E+0002  9.132045E-0005  4.851118E-0001 -2.499003E-0002
  584  8.557671E+0005  6.056428E+0002  9.132045E-0005  4.839313E-0001 -2.498940E-0002
  585  8.562844E+0005  6.056899E+0002  9.120247E-0005  4.827507E-0001 -2.502173E-0002
  586  8.568018E+0005  6.057372E+0002  9.132045E-0005  4.815702E-0001 -2.499003E-0002
  587  8.573191E+0005  6.057844E+0002  9.132045E-0005  4.803897E-0001 -2.498940E-0002
  588  8.578364E+0005  6.058317E+0002  9.132045E-0005  4.792091E-0001 -2.498940E-0002
  589  8.583537E+0005  6.058788E+0002  9.120247E-0005  4.780286E-0001 -2.502236E-0002
  590  8.588710E+0005  6.059261E+0002  9.132045E-0005  4.768480E-0001 -2.498940E-0002
  591  8.593883E+0005  6.059733E+0002  9.132045E-0005  4.756675E-0001 -2.498940E-0002
  592  8.599056E+0005  6.060205E+0002  9.120247E-0005  4.744869E-0001 -2.502236E-0002
  593  8.604229E+0005  6.060677E+0002  9.132045E-0005  4.733064E-0001 -2.499003E-0002
  594  8.609403E+0005  6.061150E+0002  9.132045E-0005  4.721258E-0001 -2.499066E-0002
  595  8.614576E+0005  6.061622E+0002  9.120247E-0005  4.709452E-0001 -2.502236E-0002
  596  8.619749E+0005  6.062094E+0002  9.132045E-0005  4.697647E-0001 -2.499003E-0002
  597  8.624922E+0005  6.062567E+0002  9.132045E-0005  4.685841E-0001 -2.499003E-0002
  598  8.630095E+0005  6.063038E+0002  9.120247E-0005  4.674035E-0001 -2.502299E-0002
  599  8.635268E+0005  6.063511E+0002  9.132045E-0005  4.662230E-0001 -2.499003E-0002
  600  8.640441E+0005  6.063983E+0002  9.132045E-0005  4.650424E-0001 -2.499003E-0002
  601  8.645614E+0005  6.064455E+0002  9.120247E-0005  4.638619E-0001 -2.502236E-0002
  602  8.650788E+0005  6.064927E+0002  9.132045E-0005  4.626813E-0001 -2.499066E-0002
  603  8.655961E+0005  6.065400E+0002  9.132045E-0005  4.615007E-0001 -2.499003E-0002
  604  8.661134E+0005  6.065872E+0002  9.132045E-0005  4.603201E-0001 -2.499003E-0002
  605  8.666307E+0005  6.066344E+0002  9.120247E-0005  4.591396E-0001 -2.502236E-0002
  606  8.671480E+0005  6.066816E+0002  9.132045E-0005  4.579590E-0001 -2.499066E-0002
  607  8.676653E+0005  6.067289E+0002  9.132045E-0005  4.567784E-0001 -2.499003E-0002
  608  8.681826E+0005  6.067761E+0002  9.120247E-0005  4.555979E-0001 -2.502236E-0002
  609  8.686999E+0005  6.068233E+0002  9.132045E-0005  4.544173E-0001 -2.499003E-0002
  610  8.692173E+0005  6.068705E+0002  9.132045E-0005  4.532367E-0001 -2.499066E-0002
  611  8.697346E+0005  6.069177E+0002  9.120247E-0005  4.520562E-0001 -2.502236E-0002
  612  8.702519E+0005  6.069650E+0002  9.132045E-0005  4.508756E-0001 -2.499003E-0002
  613  8.707692E+0005  6.070122E+0002  9.132045E-0005  4.496950E-0001 -2.499066E-0002
  614  8.712865E+0005  6.070594E+0002  9.132045E-0005  4.485144E-0001 -2.499066E-0002
  615  8.718038E+0005  6.071066E+0002  9.120247E-0005  4.473338E-0001 -2.502299E-0002
  616  8.723211E+0005  6.071539E+0002  9.132045E-0005  4.461533E-0001 -2.499066E-0002
  617  8.728384E+0005  6.072011E+0002  9.132045E-0005  4.449727E-0001 -2.499066E-0002
  618  8.733558E+0005  6.072483E+0002  9.120247E-0005  4.437921E-0001 -2.502299E-0002
  619  8.738731E+0005  6.072955E+0002  9.132045E-0005  4.426115E-0001 -2.499066E-0002
  620  8.743904E+0005  6.073428E+0002  9.132045E-0005  4.414309E-0001 -2.499066E-0002
  621  8.749077E+0005  6.073900E+0002  9.132045E-0005  4.402503E-0001 -2.499066E-0002
  622  8.754250E+0005  6.074372E+0002  9.120247E-0005  4.390697E-0001 -2.502362E-0002
  623  8.759423E+0005  6.074844E+0002  9.132045E-0005  4.378891E-0001 -2.499066E-0002
  624  8.764596E+0005  6.075317E+0002  9.132045E-0005  4.367085E-0001 -2.499066E-0002
  625  8.769769E+0005  6.075789E+0002  9.120247E-0005  4.355279E-0001 -2.502299E-0002
  626  8.774943E+0005  6.076261E+0002  9.132045E-0005  4.343473E-0001 -2.499066E-0002
  627  8.780116E+0005  6.076733E+0002  9.132045E-0005  4.331667E-0001 -2.499066E-0002
  628  8.785289E+0005  6.077206E+0002  9.132045E-0005  4.319862E-0001 -2.499066E-0002
  629  8.790462E+0005  6.077678E+0002  9.120247E-0005  4.308056E-0001 -2.502299E-0002
  630  8.795635E+0005  6.078150E+0002  9.132045E-0005  4.296250E-0001 -2.499066E-0002
  631  8.800808E+0005  6.078622E+0002  9.132045E-0005  4.284444E-0001 -2.499129E-0002
  632  8.805981E+0005  6.079094E+0002  9.120247E-0005  4.272638E-0001 -2.502299E-0002
  633  8.811154E+0005  6.079567E+0002  9.132045E-0005  4.260832E-0001 -2.499066E-0002
  634  8.816328E+0005  6.080039E+0002  9.132045E-0005  4.249026E-0001 -2.499066E-0002
  635  8.821501E+0005  6.080511E+0002  9.132045E-0005  4.237220E-0001 -2.499129E-0002
  636  8.826674E+0005  6.080983E+0002  9.120247E-0005  4.225413E-0001 -2.502426E-0002
  637  8.831847E+0005  6.081456E+0002  9.132045E-0005  4.213607E-0001 -2.499129E-0002
  638  8.837020E+0005  6.081928E+0002  9.132045E-0005  4.201801E-0001 -2.499129E-0002
  639  8.842193E+0005  6.082401E+0002  9.132045E-0005  4.189995E-0001 -2.499129E-0002
  640  8.847366E+0005  6.082872E+0002  9.120247E-0005  4.178188E-0001 -2.502426E-0002
  641  8.852539E+0005  6.083345E+0002  9.132045E-0005  4.166382E-0001 -2.499129E-0002
  642  8.857713E+0005  6.083817E+0002  9.132045E-0005  4.154576E-0001 -2.499129E-0002
  643  8.862886E+0005  6.084289E+0002  9.120247E-0005  4.142769E-0001 -2.502426E-0002
  644  8.868059E+0005  6.084761E+0002  9.132045E-0005  4.130963E-0001 -2.499129E-0002
  645  8.873232E+0005  6.085234E+0002  9.132045E-0005  4.119157E-0001 -2.499129E-0002
  646  8.878405E+0005  6.085706E+0002  9.132045E-0005  4.107351E-0001 -2.499129E-0002
  647  8.883578E+0005  6.086178E+0002  9.120247E-0005  4.095544E-0001 -2.502426E-0002
  648  8.888751E+0005  6.086650E+0002  9.132045E-0005  4.083738E-0001 -2.499129E-0002
  649  8.893924E+0005  6.087123E+0002  9.132045E-0005  4.071932E-0001 -2.499129E-0002
  650  8.899098E+0005  6.087595E+0002  9.132045E-0005  4.060125E-0001 -2.499193E-0002
  651  8.904271E+0005  6.088067E+0002  9.120247E-0005  4.048319E-0001 -2.502362E-0002
  652  8.909444E+0005  6.088539E+0002  9.132045E-0005  4.036513E-0001 -2.499129E-0002
  653  8.914617E+0005  6.089012E+0002  9.132045E-0005  4.024707E-0001 -2.499129E-0002
  654  8.919790E+0005  6.089484E+0002  9.132045E-0005  4.012900E-0001 -2.499193E-0002
  655  8.924963E+0005  6.089956E+0002  9.120247E-0005  4.001094E-0001 -2.502362E-0002
  656  8.930136E+0005  6.090428E+0002  9.132045E-0005  3.989288E-0001 -2.499193E-0002
  657  8.935309E+0005  6.090901E+0002  9.132045E-0005  3.977481E-0001 -2.499193E-0002
  658  8.940483E+0005  6.091373E+0002  9.132045E-0005  3.965675E-0001 -2.499193E-0002
  659  8.945656E+0005  6.091845E+0002  9.120247E-0005  3.953868E-0001 -2.502489E-0002
  660  8.950829E+0005  6.092318E+0002  9.132045E-0005  3.942061E-0001 -2.499193E-0002
  661  8.956002E+0005  6.092790E+0002  9.132045E-0005  3.930255E-0001 -2.499193E-0002
  662  8.961175E+0005  6.093262E+0002  9.132045E-0005  3.918448E-0001 -2.499193E-0002
  663  8.966348E+0005  6.093734E+0002  9.120247E-0005  3.906642E-0001 -2.502426E-0002
  664  8.971521E+0005  6.094207E+0002  9.132045E-0005  3.894835E-0001 -2.499256E-0002
  665  8.976694E+0005  6.094679E+0002  9.132045E-0005  3.883029E-0001 -2.499193E-0002
  666  8.981868E+0005  6.095151E+0002  9.132045E-0005  3.871222E-0001 -2.499193E-0002
  667  8.987041E+0005  6.095623E+0002  9.120247E-0005  3.859416E-0001 -2.502426E-0002
  668  8.992214E+0005  6.096096E+0002  9.132045E-0005  3.847609E-0001 -2.499193E-0002
  669  8.997387E+0005  6.096568E+0002  9.132045E-0005  3.835802E-0001 -2.499256E-0002
  670  9.002560E+0005  6.097040E+0002  9.132045E-0005  3.823996E-0001 -2.499193E-0002
  671  9.007733E+0005  6.097512E+0002  9.120247E-0005  3.812189E-0001 -2.502426E-0002
  672  9.012906E+0005  6.097985E+0002  9.132045E-0005  3.800383E-0001 -2.499193E-0002
  673  9.018079E+0005  6.098457E+0002  9.132045E-0005  3.788576E-0001 -2.499193E-0002
  674  9.023253E+0005  6.098929E+0002  9.132045E-0005  3.776770E-0001 -2.499256E-0002
  675  9.028426E+0005  6.099401E+0002  9.120247E-0005  3.764963E-0001 -2.502426E-0002
  676  9.033599E+0005  6.099874E+0002  9.132045E-0005  3.753157E-0001 -2.499193E-0002
  677  9.038772E+0005  6.100346E+0002  9.132045E-0005  3.741350E-0001 -2.499256E-0002
  678  9.043945E+0005  6.100818E+0002  9.132045E-0005  3.729543E-0001 -2.499256E-0002
  679  9.049118E+0005  6.101290E+0002  9.120247E-0005  3.717736E-0001 -2.502489E-0002
  680  9.054291E+0005  6.101763E+0002  9.132045E-0005  3.705930E-0001 -2.499256E-0002
  681  9.059464E+0005  6.102235E+0002  9.132045E-0005  3.694123E-0001 -2.499256E-0002
  682  9.064638E+0005  6.102708E+0002  9.132045E-0005  3.682316E-0001 -2.499256E-0002
  683  9.069811E+0005  6.103180E+0002  9.132045E-0005  3.670509E-0001 -2.499256E-0002
  684  9.074984E+0005  6.103652E+0002  9.120247E-0005  3.658702E-0001 -2.502489E-0002
  685  9.080157E+0005  6.104124E+0002  9.132045E-0005  3.646896E-0001 -2.499256E-0002
  686  9.085330E+0005  6.104597E+0002  9.132045E-0005  3.635089E-0001 -2.499256E-0002
  687  9.090503E+0005  6.105069E+0002  9.132045E-0005  3.623282E-0001 -2.499256E-0002
  688  9.095676E+0005  6.105541E+0002  9.120247E-0005  3.611475E-0001 -2.502489E-0002
  689  9.100849E+0005  6.106013E+0002  9.132045E-0005  3.599668E-0001 -2.499256E-0002
  690  9.106023E+0005  6.106486E+0002  9.132045E-0005  3.587862E-0001 -2.499256E-0002
  691  9.111196E+0005  6.106958E+0002  9.132045E-0005  3.576055E-0001 -2.499256E-0002
  692  9.116369E+0005  6.107430E+0002  9.120247E-0005  3.564248E-0001 -2.502489E-0002
  693  9.121542E+0005  6.107902E+0002  9.132045E-0005  3.552441E-0001 -2.499319E-0002
  694  9.126715E+0005  6.108375E+0002  9.132045E-0005  3.540634E-0001 -2.499256E-0002
  695  9.131888E+0005  6.108847E+0002  9.132045E-0005  3.528827E-0001 -2.499256E-0002
  696  9.137061E+0005  6.109319E+0002  9.132045E-0005  3.517021E-0001 -2.499256E-0002
  697  9.142234E+0005  6.109791E+0002  9.120247E-0005  3.505214E-0001 -2.502489E-0002
  698  9.147408E+0005  6.110264E+0002  9.132045E-0005  3.493407E-0001 -2.499256E-0002
  699  9.152581E+0005  6.110736E+0002  9.132045E-0005  3.481600E-0001 -2.499319E-0002
  700  9.157754E+0005  6.111208E+0002  9.132045E-0005  3.469793E-0001 -2.499319E-0002
  701  9.162927E+0005  6.111680E+0002  9.120247E-0005  3.457986E-0001 -2.502552E-0002
  702  9.168100E+0005  6.112153E+0002  9.132045E-0005  3.446179E-0001 -2.499319E-0002
  703  9.173273E+0005  6.112625E+0002  9.132045E-0005  3.434372E-0001 -2.499319E-0002
  704  9.178446E+0005  6.113098E+0002  9.132045E-0005  3.422565E-0001 -2.499319E-0002
  705  9.183619E+0005  6.113570E+0002  9.132045E-0005  3.410757E-0001 -2.499319E-0002
  706  9.188793E+0005  6.114042E+0002  9.120247E-0005  3.398950E-0001 -2.502552E-0002
  707  9.193966E+0005  6.114514E+0002  9.132045E-0005  3.387143E-0001 -2.499319E-0002
  708  9.199139E+0005  6.114987E+0002  9.132045E-0005  3.375336E-0001 -2.499319E-0002
  709  9.204312E+0005  6.115459E+0002  9.132045E-0005  3.363529E-0001 -2.499319E-0002
  710  9.209485E+0005  6.115931E+0002  9.132045E-0005  3.351722E-0001 -2.499319E-0002
  711  9.214658E+0005  6.116403E+0002  9.120247E-0005  3.339915E-0001 -2.502552E-0002
  712  9.219831E+0005  6.116876E+0002  9.132045E-0005  3.328108E-0001 -2.499319E-0002
  713  9.225004E+0005  6.117348E+0002  9.132045E-0005  3.316301E-0001 -2.499319E-0002
  714  9.230178E+0005  6.117820E+0002  9.132045E-0005  3.304494E-0001 -2.499319E-0002
  715  9.235351E+0005  6.118293E+0002  9.132045E-0005  3.292687E-0001 -2.499319E-0002
  716  9.240524E+0005  6.118765E+0002  9.120247E-0005  3.280880E-0001 -2.502552E-0002
  717  9.245697E+0005  6.119237E+0002  9.132045E-0005  3.269072E-0001 -2.499319E-0002
  718  9.250870E+0005  6.119709E+0002  9.132045E-0005  3.257265E-0001 -2.499319E-0002
  719  9.256043E+0005  6.120182E+0002  9.132045E-0005  3.245458E-0001 -2.499382E-0002
  720  9.261216E+0005  6.120654E+0002  9.120247E-0005  3.233651E-0001 -2.502615E-0002
  721  9.266389E+0005  6.121126E+0002  9.132045E-0005  3.221844E-0001 -2.499319E-0002
  722  9.271563E+0005  6.121599E+0002  9.132045E-0005  3.210036E-0001 -2.499382E-0002
  723  9.276736E+0005  6.122071E+0002  9.132045E-0005  3.198229E-0001 -2.499382E-0002
  724  9.281909E+0005  6.122543E+0002  9.132045E-0005  3.186421E-0001 -2.499382E-0002
  725  9.287082E+0005  6.123016E+0002  9.132045E-0005  3.174614E-0001 -2.499382E-0002
  726  9.292255E+0005  6.123488E+0002  9.120247E-0005  3.162807E-0001 -2.502615E-0002
  727  9.297428E+0005  6.123960E+0002  9.132045E-0005  3.150999E-0001 -2.499382E-0002
  728  9.302601E+0005  6.124432E+0002  9.132045E-0005  3.139192E-0001 -2.499382E-0002
  729  9.307774E+0005  6.124905E+0002  9.132045E-0005  3.127384E-0001 -2.499382E-0002
  730  9.312948E+0005  6.125377E+0002  9.132045E-0005  3.115577E-0001 -2.499382E-0002
  731  9.318121E+0005  6.125849E+0002  9.120247E-0005  3.103770E-0001 -2.502552E-0002
  732  9.323294E+0005  6.126321E+0002  9.132045E-0005  3.091963E-0001 -2.499382E-0002
  733  9.328467E+0005  6.126794E+0002  9.132045E-0005  3.080155E-0001 -2.499382E-0002
  734  9.333640E+0005  6.127266E+0002  9.132045E-0005  3.068348E-0001 -2.499382E-0002
  735  9.338813E+0005  6.127739E+0002  9.132045E-0005  3.056540E-0001 -2.499382E-0002
  736  9.343986E+0005  6.128210E+0002  9.120247E-0005  3.044733E-0001 -2.502615E-0002
  737  9.349159E+0005  6.128683E+0002  9.132045E-0005  3.032926E-0001 -2.499382E-0002
  738  9.354333E+0005  6.129155E+0002  9.132045E-0005  3.021118E-0001 -2.499382E-0002
  739  9.359506E+0005  6.129628E+0002  9.132045E-0005  3.009311E-0001 -2.499382E-0002
  740  9.364679E+0005  6.130052E+0002  8.211761E-0005  2.997375E-0001 -2.809862E-0002
  741  9.369852E+0005  6.130301E+0002  4.801993E-0005  2.984956E-0001 -4.999304E-0002
  742  9.375025E+0005  6.130549E+0002  4.801993E-0005  2.972537E-0001 -4.999304E-0002
  743  9.380198E+0005  6.130798E+0002  4.801993E-0005  2.960118E-0001 -4.999304E-0002
  744  9.385371E+0005  6.131046E+0002  4.801993E-0005  2.947699E-0001 -4.999304E-0002
  745  9.390544E+0005  6.131295E+0002  4.801993E-0005  2.935280E-0001 -4.999304E-0002
  746  9.395718E+0005  6.131543E+0002  4.801993E-0005  2.922861E-0001 -4.999304E-0002
  747  9.400891E+0005  6.131791E+0002  4.801993E-0005  2.910442E-0001 -4.999304E-0002
  748  9.406064E+0005  6.132040E+0002  4.801993E-0005  2.898023E-0001 -4.999304E-0002
  749  9.411237E+0005  6.132288E+0002  4.801993E-0005  2.885604E-0001 -4.999304E-0002
  750  9.416410E+0005  6.132536E+0002  4.790194E-0005  2.873185E-0001 -5.011618E-0002
  751  9.421583E+0005  6.132784E+0002  4.801993E-0005  2.860766E-0001 -4.999304E-0002
  752  9.426756E+0005  6.133033E+0002  4.801993E-0005  2.848347E-0001 -4.999304E-0002
  753  9.431929E+0005  6.133281E+0002  4.801993E-0005  2.835928E-0001 -4.999304E-0002
  754  9.437103E+0005  6.133530E+0002  4.801993E-0005  2.823510E-0001 -4.999304E-0002
  755  9.442276E+0005  6.133778E+0002  4.801993E-0005  2.811091E-0001 -4.999184E-0002
  756  9.447449E+0005  6.134026E+0002  4.801993E-0005  2.798672E-0001 -4.999304E-0002
  757  9.452622E+0005  6.134275E+0002  4.801993E-0005  2.786253E-0001 -4.999304E-0002
  758  9.457795E+0005  6.134523E+0002  4.801993E-0005  2.773834E-0001 -4.999304E-0002
  759  9.462968E+0005  6.134772E+0002  4.801993E-0005  2.761415E-0001 -4.999304E-0002
  760  9.468141E+0005  6.135020E+0002  4.801993E-0005  2.748996E-0001 -4.999304E-0002
  761  9.473314E+0005  6.135269E+0002  4.801993E-0005  2.736577E-0001 -4.999304E-0002
  762  9.478488E+0005  6.135517E+0002  4.801993E-0005  2.724158E-0001 -4.999304E-0002
  763  9.483661E+0005  6.135765E+0002  4.801993E-0005  2.711740E-0001 -4.999304E-0002
  764  9.488834E+0005  6.136014E+0002  4.801993E-0005  2.699321E-0001 -4.999304E-0002
  765  9.494007E+0005  6.136262E+0002  4.801993E-0005  2.686902E-0001 -4.999304E-0002
  766  9.499180E+0005  6.136511E+0002  4.801993E-0005  2.674483E-0001 -4.999304E-0002
  767  9.504353E+0005  6.136758E+0002  4.790194E-0005  2.662064E-0001 -5.011618E-0002
  768  9.509526E+0005  6.137007E+0002  4.801993E-0005  2.649645E-0001 -4.999304E-0002
  769  9.514699E+0005  6.137255E+0002  4.801993E-0005  2.637226E-0001 -4.999304E-0002
  770  9.519873E+0005  6.137504E+0002  4.801993E-0005  2.624807E-0001 -4.999184E-0002
  771  9.525046E+0005  6.137752E+0002  4.801993E-0005  2.612388E-0001 -4.999304E-0002
  772  9.530219E+0005  6.138000E+0002  4.801993E-0005  2.599970E-0001 -4.999304E-0002
  773  9.535392E+0005  6.138249E+0002  4.801993E-0005  2.587551E-0001 -4.999304E-0002
  774  9.540565E+0005  6.138497E+0002  4.801993E-0005  2.575132E-0001 -4.999304E-0002
  775  9.545738E+0005  6.138746E+0002  4.801993E-0005  2.562713E-0001 -4.999304E-0002
  776  9.550911E+0005  6.138994E+0002  4.801993E-0005  2.550294E-0001 -4.999304E-0002
  777  9.556084E+0005  6.139243E+0002  4.801993E-0005  2.537875E-0001 -4.999304E-0002
  778  9.561258E+0005  6.139491E+0002  4.801993E-0005  2.525456E-0001 -4.999304E-0002
  779  9.566431E+0005  6.139739E+0002  4.801993E-0005  2.513037E-0001 -4.999304E-0002
  780  9.571604E+0005  6.139988E+0002  4.801993E-0005  2.500618E-0001 -4.999304E-0002
  781  9.576777E+0005  6.140236E+0002  4.801993E-0005  2.488199E-0001 -4.999364E-0002
  782  9.581950E+0005  6.140485E+0002  4.801993E-0005  2.475780E-0001 -4.999424E-0002
  783  9.587123E+0005  6.140733E+0002  4.801993E-0005  2.463361E-0001 -4.999424E-0002
  784  9.592296E+0005  6.140981E+0002  4.801993E-0005  2.450941E-0001 -4.999424E-0002
  785  9.597469E+0005  6.141230E+0002  4.801993E-0005  2.438522E-0001 -4.999424E-0002
  786  9.602643E+0005  6.141478E+0002  4.790194E-0005  2.426103E-0001 -5.011678E-0002
  787  9.607816E+0005  6.141726E+0002  4.801993E-0005  2.413684E-0001 -4.999424E-0002
  788  9.612989E+0005  6.141974E+0002  4.801993E-0005  2.401265E-0001 -4.999424E-0002
  789  9.618162E+0005  6.142223E+0002  4.801993E-0005  2.388845E-0001 -4.999424E-0002
  790  9.623335E+0005  6.142471E+0002  4.801993E-0005  2.376426E-0001 -4.999424E-0002
  791  9.628508E+0005  6.142720E+0002  4.801993E-0005  2.364007E-0001 -4.999424E-0002
  792  9.633681E+0005  6.142968E+0002  4.801993E-0005  2.351588E-0001 -4.999424E-0002
  793  9.638854E+0005  6.143217E+0002  4.801993E-0005  2.339169E-0001 -4.999364E-0002
  794  9.644028E+0005  6.143465E+0002  4.801993E-0005  2.326749E-0001 -4.999424E-0002
  795  9.649201E+0005  6.143713E+0002  4.801993E-0005  2.314330E-0001 -4.999424E-0002
  796  9.654374E+0005  6.143962E+0002  4.801993E-0005  2.301911E-0001 -4.999424E-0002
  797  9.659547E+0005  6.144210E+0002  4.801993E-0005  2.289492E-0001 -4.999424E-0002
  798  9.664720E+0005  6.144459E+0002  4.801993E-0005  2.277073E-0001 -4.999424E-0002
  799  9.669893E+0005  6.144707E+0002  4.801993E-0005  2.264653E-0001 -4.999364E-0002
  800  9.675066E+0005  6.144955E+0002  4.801993E-0005  2.252234E-0001 -4.999424E-0002
  801  9.680239E+0005  6.145204E+0002  4.801993E-0005  2.239815E-0001 -4.999424E-0002
  802  9.685413E+0005  6.145452E+0002  4.801993E-0005  2.227396E-0001 -4.999424E-0002
  803  9.690586E+0005  6.145701E+0002  4.801993E-0005  2.214977E-0001 -4.999424E-0002
  804  9.695759E+0005  6.145949E+0002  4.801993E-0005  2.202557E-0001 -4.999424E-0002
  805  9.700932E+0005  6.146198E+0002  4.801993E-0005  2.190138E-0001 -4.999364E-0002
  806  9.706105E+0005  6.146446E+0002  4.801993E-0005  2.177719E-0001 -4.999424E-0002
  807  9.711278E+0005  6.146694E+0002  4.790194E-0005  2.165300E-0001 -5.011738E-0002
  808  9.716451E+0005  6.146942E+0002  4.801993E-0005  2.152881E-0001 -4.999424E-0002
  809  9.721624E+0005  6.147191E+0002  4.801993E-0005  2.140461E-0001 -4.999424E-0002
  810  9.726798E+0005  6.147439E+0002  4.801993E-0005  2.128042E-0001 -4.999424E-0002
  811  9.731971E+0005  6.147687E+0002  4.801993E-0005  2.115623E-0001 -4.999424E-0002
  812  9.737144E+0005  6.147936E+0002  4.801993E-0005  2.103204E-0001 -4.999364E-0002
  813  9.742317E+0005  6.148184E+0002  4.801993E-0005  2.090785E-0001 -4.999424E-0002
  814  9.747490E+0005  6.148433E+0002  4.801993E-0005  2.078365E-0001 -4.999424E-0002
  815  9.752663E+0005  6.148681E+0002  4.801993E-0005  2.065946E-0001 -4.999424E-0002
  816  9.757836E+0005  6.148929E+0002  4.801993E-0005  2.053527E-0001 -4.999424E-0002
  817  9.763009E+0005  6.149178E+0002  4.801993E-0005  2.041108E-0001 -4.999424E-0002
  818  9.768183E+0005  6.149426E+0002  4.801993E-0005  2.028689E-0001 -4.999364E-0002
  819  9.773356E+0005  6.149675E+0002  4.801993E-0005  2.016269E-0001 -4.999424E-0002
  820  9.778529E+0005  6.149923E+0002  4.801993E-0005  2.003850E-0001 -4.999424E-0002
  821  9.783702E+0005  6.150326E+0002  7.787015E-0005  1.991852E-0001 -2.978405E-0002
  822  9.788875E+0005  6.150798E+0002  9.132045E-0005  1.980043E-0001 -2.499697E-0002
  823  9.794048E+0005  6.151271E+0002  9.132045E-0005  1.968235E-0001 -2.499666E-0002
  824  9.799221E+0005  6.151743E+0002  9.132045E-0005  1.956426E-0001 -2.499666E-0002
  825  9.804394E+0005  6.152216E+0002  9.132045E-0005  1.944617E-0001 -2.499697E-0002
  826  9.809568E+0005  6.152687E+0002  9.120247E-0005  1.932808E-0001 -2.502899E-0002
  827  9.814741E+0005  6.153160E+0002  9.132045E-0005  1.921000E-0001 -2.499666E-0002
  828  9.819914E+0005  6.153632E+0002  9.132045E-0005  1.909191E-0001 -2.499697E-0002
  829  9.825087E+0005  6.154105E+0002  9.132045E-0005  1.897382E-0001 -2.499666E-0002
  830  9.830260E+0005  6.154577E+0002  9.132045E-0005  1.885573E-0001 -2.499666E-0002
  831  9.835433E+0005  6.155049E+0002  9.132045E-0005  1.873765E-0001 -2.499666E-0002
  832  9.840606E+0005  6.155522E+0002  9.132045E-0005  1.861956E-0001 -2.499697E-0002
  833  9.845779E+0005  6.155994E+0002  9.132045E-0005  1.850147E-0001 -2.499666E-0002
  834  9.850953E+0005  6.156467E+0002  9.132045E-0005  1.838338E-0001 -2.499666E-0002
  835  9.856126E+0005  6.156939E+0002  9.132045E-0005  1.826529E-0001 -2.499697E-0002
  836  9.861299E+0005  6.157411E+0002  9.120247E-0005  1.814721E-0001 -2.502899E-0002
  837  9.866472E+0005  6.157883E+0002  9.132045E-0005  1.802912E-0001 -2.499666E-0002
  838  9.871645E+0005  6.158356E+0002  9.132045E-0005  1.791103E-0001 -2.499697E-0002
  839  9.876818E+0005  6.158828E+0002  9.132045E-0005  1.779294E-0001 -2.499666E-0002
  840  9.881991E+0005  6.159301E+0002  9.132045E-0005  1.767486E-0001 -2.499666E-0002
  841  9.887164E+0005  6.159773E+0002  9.132045E-0005  1.755677E-0001 -2.499666E-0002
  842  9.892338E+0005  6.160245E+0002  9.132045E-0005  1.743868E-0001 -2.499729E-0002
  843  9.897511E+0005  6.160718E+0002  9.132045E-0005  1.732059E-0001 -2.499729E-0002
  844  9.902684E+0005  6.161190E+0002  9.132045E-0005  1.720250E-0001 -2.499760E-0002
  845  9.907857E+0005  6.161663E+0002  9.132045E-0005  1.708441E-0001 -2.499729E-0002
  846  9.913030E+0005  6.162135E+0002  9.132045E-0005  1.696631E-0001 -2.499760E-0002
  847  9.918203E+0005  6.162607E+0002  9.120247E-0005  1.684822E-0001 -2.502994E-0002
  848  9.923376E+0005  6.163079E+0002  9.132045E-0005  1.673013E-0001 -2.499729E-0002
  849  9.928549E+0005  6.163552E+0002  9.132045E-0005  1.661204E-0001 -2.499760E-0002
  850  9.933723E+0005  6.164024E+0002  9.132045E-0005  1.649395E-0001 -2.499729E-0002
  851  9.938896E+0005  6.164496E+0002  9.132045E-0005  1.637586E-0001 -2.499760E-0002
  852  9.944069E+0005  6.164969E+0002  9.132045E-0005  1.625777E-0001 -2.499729E-0002
  853  9.949242E+0005  6.165441E+0002  9.132045E-0005  1.613968E-0001 -2.499760E-0002
  854  9.954415E+0005  6.165914E+0002  9.132045E-0005  1.602159E-0001 -2.499729E-0002
  855  9.959588E+0005  6.166386E+0002  9.132045E-0005  1.590350E-0001 -2.499760E-0002
  856  9.964761E+0005  6.166859E+0002  9.132045E-0005  1.578541E-0001 -2.499729E-0002
  857  9.969934E+0005  6.167331E+0002  9.132045E-0005  1.566731E-0001 -2.499760E-0002
  858  9.975108E+0005  6.167803E+0002  9.132045E-0005  1.554922E-0001 -2.499729E-0002
  859  9.980281E+0005  6.168276E+0002  9.132045E-0005  1.543113E-0001 -2.499760E-0002
  860  9.985454E+0005  6.168748E+0002  9.120247E-0005  1.531304E-0001 -2.502963E-0002
  861  9.990627E+0005  6.169220E+0002  9.132045E-0005  1.519495E-0001 -2.499760E-0002
  862  9.995800E+0005  6.169692E+0002  9.132045E-0005  1.507686E-0001 -2.499729E-0002
  863  1.000097E+0006  6.170165E+0002  9.132045E-0005  1.495877E-0001 -2.499760E-0002
  864  1.000615E+0006  6.170637E+0002  9.132045E-0005  1.484067E-0001 -2.499823E-0002
  865  1.001132E+0006  6.171110E+0002  9.132045E-0005  1.472258E-0001 -2.499792E-0002
  866  1.001649E+0006  6.171582E+0002  9.132045E-0005  1.460449E-0001 -2.499823E-0002
  867  1.002167E+0006  6.172054E+0002  9.132045E-0005  1.448639E-0001 -2.499792E-0002
  868  1.002684E+0006  6.172527E+0002  9.132045E-0005  1.436830E-0001 -2.499792E-0002
  869  1.003201E+0006  6.172999E+0002  9.132045E-0005  1.425020E-0001 -2.499823E-0002
  870  1.003719E+0006  6.173472E+0002  9.132045E-0005  1.413211E-0001 -2.499792E-0002
  871  1.004236E+0006  6.173944E+0002  9.132045E-0005  1.401402E-0001 -2.499792E-0002
  872  1.004753E+0006  6.174417E+0002  9.132045E-0005  1.389592E-0001 -2.499823E-0002
  873  1.005270E+0006  6.174889E+0002  9.132045E-0005  1.377783E-0001 -2.499792E-0002
  874  1.005788E+0006  6.175361E+0002  9.132045E-0005  1.365974E-0001 -2.499823E-0002
  875  1.006305E+0006  6.175833E+0002  9.120247E-0005  1.354164E-0001 -2.503026E-0002
  876  1.006822E+0006  6.176306E+0002  9.132045E-0005  1.342355E-0001 -2.499792E-0002
  877  1.007340E+0006  6.176778E+0002  9.132045E-0005  1.330545E-0001 -2.499823E-0002
  878  1.007857E+0006  6.177250E+0002  9.132045E-0005  1.318736E-0001 -2.499792E-0002
  879  1.008374E+0006  6.177723E+0002  9.132045E-0005  1.306927E-0001 -2.499792E-0002
  880  1.008892E+0006  6.178195E+0002  9.132045E-0005  1.295117E-0001 -2.499823E-0002
  881  1.009409E+0006  6.178668E+0002  9.132045E-0005  1.283308E-0001 -2.499792E-0002
  882  1.009926E+0006  6.179140E+0002  9.132045E-0005  1.271499E-0001 -2.499823E-0002
  883  1.010444E+0006  6.179612E+0002  9.132045E-0005  1.259689E-0001 -2.499792E-0002
  884  1.010961E+0006  6.180085E+0002  9.132045E-0005  1.247880E-0001 -2.499808E-0002
  885  1.011478E+0006  6.180557E+0002  9.132045E-0005  1.236070E-0001 -2.499871E-0002
  886  1.011996E+0006  6.181030E+0002  9.132045E-0005  1.224260E-0001 -2.499855E-0002
  887  1.012513E+0006  6.181502E+0002  9.132045E-0005  1.212451E-0001 -2.499855E-0002
  888  1.013030E+0006  6.181974E+0002  9.132045E-0005  1.200641E-0001 -2.499855E-0002
  889  1.013547E+0006  6.182447E+0002  9.132045E-0005  1.188832E-0001 -2.499871E-0002
  890  1.014065E+0006  6.182919E+0002  9.132045E-0005  1.177022E-0001 -2.499855E-0002
  891  1.014582E+0006  6.183392E+0002  9.132045E-0005  1.165212E-0001 -2.499855E-0002
  892  1.015099E+0006  6.183864E+0002  9.132045E-0005  1.153403E-0001 -2.499871E-0002
  893  1.015617E+0006  6.184337E+0002  9.132045E-0005  1.141593E-0001 -2.499855E-0002
  894  1.016134E+0006  6.184809E+0002  9.132045E-0005  1.129783E-0001 -2.499855E-0002
  895  1.016651E+0006  6.185281E+0002  9.120247E-0005  1.117974E-0001 -2.503105E-0002
  896  1.017169E+0006  6.185753E+0002  9.132045E-0005  1.106164E-0001 -2.499855E-0002
  897  1.017686E+0006  6.186226E+0002  9.132045E-0005  1.094354E-0001 -2.499855E-0002
  898  1.018203E+0006  6.186698E+0002  9.132045E-0005  1.082545E-0001 -2.499871E-0002
  899  1.018721E+0006  6.187170E+0002  9.132045E-0005  1.070735E-0001 -2.499855E-0002
  900  1.019238E+0006  6.187643E+0002  9.132045E-0005  1.058926E-0001 -2.499855E-0002
  901  1.019755E+0006  6.188115E+0002  9.132045E-0005  1.047116E-0001 -2.499871E-0002
  902  1.020273E+0006  6.188588E+0002  9.132045E-0005  1.035306E-0001 -2.499855E-0002
  903  1.020790E+0006  6.189060E+0002  9.132045E-0005  1.023497E-0001 -2.499855E-0002
  904  1.021307E+0006  6.189532E+0002  9.132045E-0005  1.011687E-0001 -2.499871E-0002
  905  1.021824E+0006  6.190010E+0002  9.226433E-0005  9.998905E-0002 -2.471518E-0002
  906  1.022342E+0006  6.190947E+0002  1.811071E-0004  9.893468E-0002 -1.125393E-0002
  907  1.022859E+0006  6.191884E+0002  1.812251E-0004  9.788032E-0002 -1.124652E-0002
  908  1.023376E+0006  6.192822E+0002  1.812251E-0004  9.682595E-0002 -1.124660E-0002
  909  1.023894E+0006  6.193759E+0002  1.811071E-0004  9.577159E-0002 -1.125385E-0002
  910  1.024411E+0006  6.194696E+0002  1.812251E-0004  9.471722E-0002 -1.124660E-0002
  911  1.024928E+0006  6.195633E+0002  1.811071E-0004  9.366286E-0002 -1.125385E-0002
  912  1.025446E+0006  6.196570E+0002  1.812251E-0004  9.260850E-0002 -1.124652E-0002
  913  1.025963E+0006  6.197507E+0002  1.811071E-0004  9.155413E-0002 -1.125393E-0002
  914  1.026480E+0006  6.198445E+0002  1.812251E-0004  9.049977E-0002 -1.124652E-0002
  915  1.026998E+0006  6.199382E+0002  1.811071E-0004  8.944540E-0002 -1.125393E-0002
  916  1.027515E+0006  6.200319E+0002  1.812251E-0004  8.839103E-0002 -1.124660E-0002
  917  1.028032E+0006  6.201256E+0002  1.811071E-0004  8.733664E-0002 -1.125417E-0002
  918  1.028550E+0006  6.202194E+0002  1.812251E-0004  8.628225E-0002 -1.124684E-0002
  919  1.029067E+0006  6.203130E+0002  1.811071E-0004  8.522785E-0002 -1.125417E-0002
  920  1.029584E+0006  6.204068E+0002  1.812251E-0004  8.417347E-0002 -1.124676E-0002
  921  1.030101E+0006  6.205005E+0002  1.812251E-0004  8.311908E-0002 -1.124684E-0002
  922  1.030619E+0006  6.205942E+0002  1.811071E-0004  8.206469E-0002 -1.125417E-0002
  923  1.031136E+0006  6.206880E+0002  1.812251E-0004  8.101030E-0002 -1.124684E-0002
  924  1.031653E+0006  6.207817E+0002  1.811071E-0004  7.995591E-0002 -1.125409E-0002
  925  1.032171E+0006  6.208754E+0002  1.812251E-0004  7.890152E-0002 -1.124684E-0002
  926  1.032688E+0006  6.209691E+0002  1.811071E-0004  7.784713E-0002 -1.125417E-0002
  927  1.033205E+0006  6.210629E+0002  1.812251E-0004  7.679272E-0002 -1.124700E-0002
  928  1.033723E+0006  6.211566E+0002  1.812251E-0004  7.573832E-0002 -1.124700E-0002
  929  1.034240E+0006  6.212503E+0002  1.811071E-0004  7.468390E-0002 -1.125441E-0002
  930  1.034757E+0006  6.213441E+0002  1.812251E-0004  7.362949E-0002 -1.124708E-0002
  931  1.035275E+0006  6.214377E+0002  1.811071E-0004  7.257508E-0002 -1.125441E-0002
  932  1.035792E+0006  6.215315E+0002  1.812251E-0004  7.152066E-0002 -1.124708E-0002
  933  1.036309E+0006  6.216252E+0002  1.812251E-0004  7.046625E-0002 -1.124708E-0002
  934  1.036827E+0006  6.217189E+0002  1.811071E-0004  6.941184E-0002 -1.125441E-0002
  935  1.037344E+0006  6.218127E+0002  1.812251E-0004  6.835743E-0002 -1.124700E-0002
  936  1.037861E+0006  6.219064E+0002  1.811071E-0004  6.730302E-0002 -1.125441E-0002
  937  1.038378E+0006  6.220001E+0002  1.812251E-0004  6.624860E-0002 -1.124708E-0002
  938  1.038896E+0006  6.220939E+0002  1.812251E-0004  6.519417E-0002 -1.124732E-0002
  939  1.039413E+0006  6.221876E+0002  1.811071E-0004  6.413973E-0002 -1.125464E-0002
  940  1.039930E+0006  6.222813E+0002  1.812251E-0004  6.308529E-0002 -1.124740E-0002
  941  1.040448E+0006  6.223751E+0002  1.812251E-0004  6.203086E-0002 -1.124728E-0002
  942  1.040965E+0006  6.224688E+0002  1.811071E-0004  6.097642E-0002 -1.125468E-0002
  943  1.041482E+0006  6.225625E+0002  1.812251E-0004  5.992198E-0002 -1.124732E-0002
  944  1.042000E+0006  6.226562E+0002  1.811071E-0004  5.886754E-0002 -1.125464E-0002
  945  1.042517E+0006  6.227499E+0002  1.812251E-0004  5.781310E-0002 -1.124736E-0002
  946  1.043034E+0006  6.228437E+0002  1.812251E-0004  5.675867E-0002 -1.124732E-0002
  947  1.043552E+0006  6.229374E+0002  1.811071E-0004  5.570423E-0002 -1.125464E-0002
  948  1.044069E+0006  6.230311E+0002  1.812251E-0004  5.464979E-0002 -1.124744E-0002
  949  1.044586E+0006  6.231249E+0002  1.812251E-0004  5.359533E-0002 -1.124756E-0002
  950  1.045104E+0006  6.232186E+0002  1.811071E-0004  5.254086E-0002 -1.125492E-0002
  951  1.045621E+0006  6.233123E+0002  1.812251E-0004  5.148641E-0002 -1.124756E-0002
  952  1.046138E+0006  6.234061E+0002  1.812251E-0004  5.043194E-0002 -1.124759E-0002
  953  1.046655E+0006  6.234998E+0002  1.811071E-0004  4.937748E-0002 -1.125492E-0002
  954  1.047173E+0006  6.235935E+0002  1.812251E-0004  4.832302E-0002 -1.124756E-0002
  955  1.047690E+0006  6.236873E+0002  1.812251E-0004  4.726856E-0002 -1.124759E-0002
  956  1.048207E+0006  6.237809E+0002  1.811071E-0004  4.621410E-0002 -1.125488E-0002
  957  1.048725E+0006  6.238747E+0002  1.812032E-0004  4.515951E-0002 -1.124895E-0002
  958  1.049242E+0006  6.239684E+0002  1.812032E-0004  4.410493E-0002 -1.124895E-0002
  959  1.049760E+0006  6.240622E+0002  1.812032E-0004  4.305033E-0002 -1.124903E-0002
  960  1.050277E+0006  6.241559E+0002  1.812032E-0004  4.199573E-0002 -1.124907E-0002
  961  1.050794E+0006  6.242497E+0002  1.812032E-0004  4.094113E-0002 -1.124907E-0002
  962  1.051312E+0006  6.243434E+0002  1.812032E-0004  3.988653E-0002 -1.124907E-0002
  963  1.051829E+0006  6.244371E+0002  1.810852E-0004  3.883193E-0002 -1.125639E-0002
  964  1.052346E+0006  6.245309E+0002  1.812032E-0004  3.777733E-0002 -1.124907E-0002
  965  1.052864E+0006  6.246246E+0002  1.812032E-0004  3.672273E-0002 -1.124907E-0002
  966  1.053381E+0006  6.247184E+0002  1.812032E-0004  3.566813E-0002 -1.124907E-0002
  967  1.053899E+0006  6.248121E+0002  1.812032E-0004  3.461353E-0002 -1.124907E-0002
  968  1.054416E+0006  6.249059E+0002  1.812032E-0004  3.355893E-0002 -1.124907E-0002
  969  1.054933E+0006  6.249996E+0002  1.812032E-0004  3.250433E-0002 -1.124907E-0002
  970  1.055451E+0006  6.250934E+0002  1.812032E-0004  3.144968E-0002 -1.124958E-0002
  971  1.055968E+0006  6.251871E+0002  1.812032E-0004  3.039503E-0002 -1.124958E-0002
  972  1.056485E+0006  6.252809E+0002  1.812032E-0004  2.934039E-0002 -1.124956E-0002
  973  1.057003E+0006  6.253746E+0002  1.810852E-0004  2.828574E-0002 -1.125691E-0002
  974  1.057520E+0006  6.254683E+0002  1.812032E-0004  2.723109E-0002 -1.124956E-0002
  975  1.058038E+0006  6.255621E+0002  1.812032E-0004  2.617645E-0002 -1.124958E-0002
  976  1.058555E+0006  6.256558E+0002  1.812032E-0004  2.512180E-0002 -1.124958E-0002
  977  1.059072E+0006  6.257496E+0002  1.812032E-0004  2.406715E-0002 -1.124956E-0002
  978  1.059590E+0006  6.258433E+0002  1.812032E-0004  2.301250E-0002 -1.124958E-0002
  979  1.060107E+0006  6.259371E+0002  1.812032E-0004  2.195786E-0002 -1.124956E-0002
  980  1.060624E+0006  6.260308E+0002  1.812032E-0004  2.090321E-0002 -1.124950E-0002
  981  1.061142E+0006  6.261246E+0002  1.812032E-0004  1.984859E-0002 -1.124932E-0002
  982  1.061659E+0006  6.262183E+0002  1.812032E-0004  1.879397E-0002 -1.124930E-0002
  983  1.062177E+0006  6.263121E+0002  1.812032E-0004  1.773934E-0002 -1.124932E-0002
  984  1.062694E+0006  6.264058E+0002  1.812032E-0004  1.668472E-0002 -1.124932E-0002
  985  1.063211E+0006  6.264996E+0002  1.812032E-0004  1.563010E-0002 -1.124932E-0002
  986  1.063729E+0006  6.265933E+0002  1.810852E-0004  1.457547E-0002 -1.125665E-0002
  987  1.064246E+0006  6.266870E+0002  1.812032E-0004  1.352085E-0002 -1.124932E-0002
  988  1.064763E+0006  6.267808E+0002  1.812032E-0004  1.246622E-0002 -1.124931E-0002
  989  1.065281E+0006  6.268745E+0002  1.812032E-0004  1.141160E-0002 -1.124932E-0002
  990  1.065798E+0006  6.269683E+0002  1.812032E-0004  1.035698E-0002 -1.124932E-0002
  991  1.066316E+0006  6.270681E+0002  1.930003E-0004  9.318905E-0003 -1.039595E-0002
  992  1.066833E+0006  6.271711E+0002  1.990168E-0004  8.289304E-0003 -9.999400E-0003
  993  1.067350E+0006  6.272740E+0002  1.990168E-0004  7.259701E-0003 -9.999409E-0003
  994  1.067868E+0006  6.273770E+0002  1.990168E-0004  6.230100E-0003 -9.999405E-0003
  995  1.068385E+0006  6.274800E+0002  1.990168E-0004  5.200497E-0003 -9.999409E-0003
  996  1.068902E+0006  6.275829E+0002  1.988988E-0004  4.170896E-0003 -1.000534E-0002
  997  1.069420E+0006  6.276859E+0002  1.990168E-0004  3.141294E-0003 -9.999407E-0003
  998  1.069937E+0006  6.277888E+0002  1.990168E-0004  2.111692E-0003 -9.999407E-0003
  999  1.070455E+0006  6.278918E+0002  1.990168E-0004  1.082089E-0003 -9.999407E-0003
 1000  1.070972E+0006  6.279948E+0002  1.990168E-0004  5.248756E-0005 -9.999407E-0003
 1001  1.071489E+0006  6.284567E+0002  8.929212E-0004  0.000000E+0000 -1.136156E-0004
