
    1  6.024778E+0005  5.603956E+0002  8.279830E-0004  9.998671E-0001 -3.360183E-0004
    2  6.029555E+0005  5.607911E+0002  8.279830E-0004  9.997342E-0001 -3.360183E-0004
    3  6.034333E+0005  5.611743E+0002  8.019208E-0004  9.995673E-0001 -4.354625E-0004
    4  6.039110E+0005  5.615435E+0002  7.727926E-0004  9.993626E-0001 -5.545532E-0004
    5  6.043888E+0005  5.619127E+0002  7.727926E-0004  9.991578E-0001 -5.545532E-0004
    6  6.048665E+0005  5.622818E+0002  7.726648E-0004  9.989531E-0001 -5.546449E-0004
    7  6.053443E+0005  5.626510E+0002  7.727926E-0004  9.987483E-0001 -5.547146E-0004
    8  6.058220E+0005  5.630202E+0002  7.727926E-0004  9.985436E-0001 -5.545532E-0004
    9  6.062998E+0005  5.633894E+0002  7.727926E-0004  9.983388E-0001 -5.545532E-0004
   10  6.067775E+0005  5.637585E+0002  7.726648E-0004  9.981341E-0001 -5.546449E-0004
   11  6.072553E+0005  5.641277E+0002  7.727926E-0004  9.979293E-0001 -5.545532E-0004
   12  6.077330E+0005  5.644969E+0002  7.727926E-0004  9.977247E-0001 -5.543918E-0004
   13  6.082108E+0005  5.648661E+0002  7.726648E-0004  9.975199E-0001 -5.546449E-0004
   14  6.086885E+0005  5.652353E+0002  7.727926E-0004  9.973152E-0001 -5.545532E-0004
   15  6.091663E+0005  5.656045E+0002  7.727926E-0004  9.971104E-0001 -5.545532E-0004
   16  6.096440E+0005  5.659738E+0002  7.729203E-0004  9.969056E-0001 -5.546229E-0004
   17  6.101218E+0005  5.663429E+0002  7.726648E-0004  9.967009E-0001 -5.544834E-0004
   18  6.105995E+0005  5.667121E+0002  7.727926E-0004  9.964962E-0001 -5.545532E-0004
   19  6.110773E+0005  5.670813E+0002  7.727926E-0004  9.962915E-0001 -5.545532E-0004
   20  6.115550E+0005  5.674505E+0002  7.727926E-0004  9.960867E-0001 -5.545532E-0004
   21  6.120328E+0005  5.678196E+0002  7.726648E-0004  9.958820E-0001 -5.546449E-0004
   22  6.125105E+0005  5.681888E+0002  7.727926E-0004  9.956772E-0001 -5.545532E-0004
   23  6.129883E+0005  5.685580E+0002  7.727926E-0004  9.954725E-0001 -5.545532E-0004
   24  6.134660E+0005  5.689272E+0002  7.727926E-0004  9.952677E-0001 -5.545532E-0004
   25  6.139438E+0005  5.692964E+0002  7.726648E-0004  9.950630E-0001 -5.546449E-0004
   26  6.144215E+0005  5.696656E+0002  7.727926E-0004  9.948583E-0001 -5.545532E-0004
   27  6.148993E+0005  5.700348E+0002  7.727926E-0004  9.946535E-0001 -5.545532E-0004
   28  6.153770E+0005  5.704039E+0002  7.726648E-0004  9.944488E-0001 -5.544834E-0004
   29  6.158548E+0005  5.707731E+0002  7.727926E-0004  9.942441E-0001 -5.545532E-0004
   30  6.163325E+0005  5.711423E+0002  7.727926E-0004  9.940394E-0001 -5.545532E-0004
   31  6.168103E+0005  5.715115E+0002  7.727926E-0004  9.938346E-0001 -5.545532E-0004
   32  6.172880E+0005  5.718807E+0002  7.727926E-0004  9.936299E-0001 -5.545532E-0004
   33  6.177658E+0005  5.722499E+0002  7.727926E-0004  9.934251E-0001 -5.545532E-0004
   34  6.182435E+0005  5.726191E+0002  7.727926E-0004  9.932204E-0001 -5.545532E-0004
   35  6.187213E+0005  5.729883E+0002  7.727926E-0004  9.930156E-0001 -5.545532E-0004
   36  6.191990E+0005  5.733575E+0002  7.726648E-0004  9.928109E-0001 -5.546449E-0004
   37  6.196768E+0005  5.737267E+0002  7.727926E-0004  9.926062E-0001 -5.545532E-0004
   38  6.201545E+0005  5.740959E+0002  7.727926E-0004  9.924014E-0001 -5.545532E-0004
   39  6.206323E+0005  5.744650E+0002  7.726648E-0004  9.921967E-0001 -5.546449E-0004
   40  6.211100E+0005  5.748342E+0002  7.727926E-0004  9.919919E-0001 -5.545532E-0004
   41  6.215878E+0005  5.752034E+0002  7.727926E-0004  9.917872E-0001 -5.545532E-0004
   42  6.220655E+0005  5.755726E+0002  7.727926E-0004  9.915825E-0001 -5.545532E-0004
   43  6.225433E+0005  5.759418E+0002  7.726648E-0004  9.913777E-0001 -5.546449E-0004
   44  6.230210E+0005  5.763110E+0002  7.727926E-0004  9.911730E-0001 -5.545532E-0004
   45  6.234988E+0005  5.766802E+0002  7.729203E-0004  9.909682E-0001 -5.544615E-0004
   46  6.239765E+0005  5.770255E+0002  7.227125E-0004  9.906985E-0001 -7.813190E-0004
   47  6.244543E+0005  5.772160E+0002  3.987247E-0004  9.900075E-0001 -3.627456E-0003
   48  6.249320E+0005  5.774066E+0002  3.988525E-0004  9.893165E-0001 -3.625981E-0003
   49  6.254098E+0005  5.775970E+0002  3.987247E-0004  9.886256E-0001 -3.627143E-0003
   50  6.258875E+0005  5.777876E+0002  3.988525E-0004  9.879346E-0001 -3.625981E-0003
   51  6.263653E+0005  5.779781E+0002  3.987247E-0004  9.872437E-0001 -3.627456E-0003
   52  6.268430E+0005  5.781541E+0002  3.684467E-0004  9.865132E-0001 -4.149714E-0003
   53  6.273208E+0005  5.783282E+0002  3.644862E-0004  9.857776E-0001 -4.224583E-0003
   54  6.277985E+0005  5.785024E+0002  3.644862E-0004  9.850419E-0001 -4.224583E-0003
   55  6.282763E+0005  5.786765E+0002  3.643585E-0004  9.843063E-0001 -4.226064E-0003
   56  6.287540E+0005  5.788506E+0002  3.644862E-0004  9.835706E-0001 -4.224583E-0003
   57  6.292318E+0005  5.790247E+0002  3.644862E-0004  9.828350E-0001 -4.224583E-0003
   58  6.297095E+0005  5.791989E+0002  3.644862E-0004  9.820994E-0001 -4.224583E-0003
   59  6.301873E+0005  5.793729E+0002  3.643585E-0004  9.813638E-0001 -4.225722E-0003
   60  6.306650E+0005  5.795471E+0002  3.644862E-0004  9.806281E-0001 -4.224583E-0003
   61  6.311428E+0005  5.797212E+0002  3.644862E-0004  9.798925E-0001 -4.224583E-0003
   62  6.316205E+0005  5.798953E+0002  3.643585E-0004  9.791569E-0001 -4.226064E-0003
   63  6.320983E+0005  5.800694E+0002  3.644862E-0004  9.784212E-0001 -4.224583E-0003
   64  6.325760E+0005  5.802435E+0002  3.644862E-0004  9.776856E-0001 -4.224583E-0003
   65  6.330538E+0005  5.804177E+0002  3.644862E-0004  9.769500E-0001 -4.224240E-0003
   66  6.335315E+0005  5.805917E+0002  3.643585E-0004  9.762143E-0001 -4.226064E-0003
   67  6.340093E+0005  5.807659E+0002  3.644862E-0004  9.754787E-0001 -4.224583E-0003
   68  6.344870E+0005  5.809400E+0002  3.644862E-0004  9.747431E-0001 -4.224583E-0003
   69  6.349648E+0005  5.811141E+0002  3.644862E-0004  9.740074E-0001 -4.224583E-0003
   70  6.354425E+0005  5.812883E+0002  3.644862E-0004  9.732718E-0001 -4.224583E-0003
   71  6.359203E+0005  5.814623E+0002  3.643585E-0004  9.725361E-0001 -4.226064E-0003
   72  6.363980E+0005  5.816365E+0002  3.644862E-0004  9.718005E-0001 -4.224583E-0003
   73  6.368758E+0005  5.818106E+0002  3.644862E-0004  9.710649E-0001 -4.224583E-0003
   74  6.373535E+0005  5.819847E+0002  3.644862E-0004  9.703292E-0001 -4.224583E-0003
   75  6.378313E+0005  5.821588E+0002  3.643585E-0004  9.695936E-0001 -4.225722E-0003
   76  6.383090E+0005  5.823329E+0002  3.644862E-0004  9.688580E-0001 -4.224583E-0003
   77  6.387868E+0005  5.825071E+0002  3.644862E-0004  9.681224E-0001 -4.224583E-0003
   78  6.392645E+0005  5.826812E+0002  3.643585E-0004  9.673867E-0001 -4.226064E-0003
   79  6.397423E+0005  5.828553E+0002  3.644862E-0004  9.666511E-0001 -4.224583E-0003
   80  6.402200E+0005  5.830289E+0002  3.634642E-0004  9.659141E-0001 -4.244014E-0003
   81  6.406978E+0005  5.832000E+0002  3.580985E-0004  9.651703E-0001 -4.347672E-0003
   82  6.411755E+0005  5.833712E+0002  3.582262E-0004  9.644266E-0001 -4.345773E-0003
   83  6.416533E+0005  5.835423E+0002  3.582262E-0004  9.636828E-0001 -4.345773E-0003
   84  6.421310E+0005  5.837134E+0002  3.582262E-0004  9.629391E-0001 -4.345773E-0003
   85  6.426088E+0005  5.838846E+0002  3.582262E-0004  9.621953E-0001 -4.345773E-0003
   86  6.430865E+0005  5.840472E+0002  3.403405E-0004  9.614285E-0001 -4.716386E-0003
   87  6.435643E+0005  5.841923E+0002  3.036747E-0004  9.606137E-0001 -5.616159E-0003
   88  6.440420E+0005  5.843373E+0002  3.035469E-0004  9.597989E-0001 -5.618522E-0003
   89  6.445198E+0005  5.844823E+0002  3.035469E-0004  9.589841E-0001 -5.618522E-0003
   90  6.449975E+0005  5.846273E+0002  3.035469E-0004  9.581693E-0001 -5.618522E-0003
   91  6.454753E+0005  5.847724E+0002  3.036747E-0004  9.573545E-0001 -5.616159E-0003
   92  6.459530E+0005  5.849174E+0002  3.035469E-0004  9.565398E-0001 -5.618111E-0003
   93  6.464308E+0005  5.850624E+0002  3.035469E-0004  9.557250E-0001 -5.618522E-0003
   94  6.469085E+0005  5.852075E+0002  3.035469E-0004  9.549102E-0001 -5.618522E-0003
   95  6.473863E+0005  5.853525E+0002  3.035469E-0004  9.540954E-0001 -5.618522E-0003
   96  6.478640E+0005  5.854976E+0002  3.036747E-0004  9.532806E-0001 -5.616159E-0003
   97  6.483418E+0005  5.856426E+0002  3.035469E-0004  9.524658E-0001 -5.618111E-0003
   98  6.488195E+0005  5.857876E+0002  3.035469E-0004  9.516510E-0001 -5.618522E-0003
   99  6.492973E+0005  5.859326E+0002  3.035469E-0004  9.508362E-0001 -5.618522E-0003
  100  6.497750E+0005  5.860776E+0002  3.035469E-0004  9.500214E-0001 -5.618522E-0003
  101  6.502528E+0005  5.862227E+0002  3.036747E-0004  9.492067E-0001 -5.615748E-0003
  102  6.507305E+0005  5.863677E+0002  3.035469E-0004  9.483919E-0001 -5.618522E-0003
  103  6.512083E+0005  5.865128E+0002  3.035469E-0004  9.475771E-0001 -5.618522E-0003
  104  6.516860E+0005  5.866578E+0002  3.035469E-0004  9.467623E-0001 -5.618522E-0003
  105  6.521638E+0005  5.868029E+0002  3.036747E-0004  9.459475E-0001 -5.616159E-0003
  106  6.526415E+0005  5.869479E+0002  3.035469E-0004  9.451327E-0001 -5.618522E-0003
  107  6.531193E+0005  5.870929E+0002  3.035469E-0004  9.443179E-0001 -5.618522E-0003
  108  6.535970E+0005  5.872379E+0002  3.035469E-0004  9.435032E-0001 -5.618111E-0003
  109  6.540748E+0005  5.873829E+0002  3.035469E-0004  9.426884E-0001 -5.618522E-0003
  110  6.545525E+0005  5.875280E+0002  3.036747E-0004  9.418736E-0001 -5.616159E-0003
  111  6.550303E+0005  5.876730E+0002  3.035469E-0004  9.410588E-0001 -5.618522E-0003
  112  6.555080E+0005  5.878181E+0002  3.035469E-0004  9.402440E-0001 -5.618522E-0003
  113  6.559858E+0005  5.879631E+0002  3.035469E-0004  9.394292E-0001 -5.618522E-0003
  114  6.564635E+0005  5.881082E+0002  3.036747E-0004  9.386144E-0001 -5.616159E-0003
  115  6.569413E+0005  5.882532E+0002  3.035469E-0004  9.377997E-0001 -5.618111E-0003
  116  6.574190E+0005  5.883982E+0002  3.035469E-0004  9.369849E-0001 -5.618522E-0003
  117  6.578968E+0005  5.885432E+0002  3.035469E-0004  9.361701E-0001 -5.618522E-0003
  118  6.583745E+0005  5.886882E+0002  3.035469E-0004  9.353554E-0001 -5.618111E-0003
  119  6.588523E+0005  5.888333E+0002  3.036747E-0004  9.345406E-0001 -5.616159E-0003
  120  6.593300E+0005  5.889783E+0002  3.035469E-0004  9.337258E-0001 -5.618522E-0003
  121  6.598078E+0005  5.891234E+0002  3.035469E-0004  9.329110E-0001 -5.618522E-0003
  122  6.602855E+0005  5.892684E+0002  3.035469E-0004  9.320962E-0001 -5.618522E-0003
  123  6.607633E+0005  5.894134E+0002  3.035469E-0004  9.312814E-0001 -5.618522E-0003
  124  6.612410E+0005  5.895585E+0002  3.036747E-0004  9.304667E-0001 -5.615748E-0003
  125  6.617188E+0005  5.897035E+0002  3.035469E-0004  9.296519E-0001 -5.618522E-0003
  126  6.621965E+0005  5.898485E+0002  3.035469E-0004  9.288371E-0001 -5.618522E-0003
  127  6.626743E+0005  5.899935E+0002  3.035469E-0004  9.280223E-0001 -5.618522E-0003
  128  6.631520E+0005  5.901385E+0002  3.035469E-0004  9.272075E-0001 -5.618522E-0003
  129  6.636298E+0005  5.902836E+0002  3.036747E-0004  9.263927E-0001 -5.615748E-0003
  130  6.641075E+0005  5.904286E+0002  3.035469E-0004  9.255779E-0001 -5.618522E-0003
  131  6.645853E+0005  5.905737E+0002  3.035469E-0004  9.247631E-0001 -5.618522E-0003
  132  6.650630E+0005  5.907187E+0002  3.035469E-0004  9.239483E-0001 -5.618522E-0003
  133  6.655408E+0005  5.908637E+0002  3.035469E-0004  9.231336E-0001 -5.618111E-0003
  134  6.660185E+0005  5.910103E+0002  3.067408E-0004  9.223229E-0001 -5.532363E-0003
  135  6.664963E+0005  5.911799E+0002  3.550323E-0004  9.215749E-0001 -4.409818E-0003
  136  6.669740E+0005  5.913494E+0002  3.549046E-0004  9.208270E-0001 -4.411053E-0003
  137  6.674518E+0005  5.915190E+0002  3.550323E-0004  9.200790E-0001 -4.409818E-0003
  138  6.679295E+0005  5.916887E+0002  3.550323E-0004  9.193310E-0001 -4.409818E-0003
  139  6.684073E+0005  5.918582E+0002  3.549046E-0004  9.185831E-0001 -4.411053E-0003
  140  6.688850E+0005  5.920288E+0002  3.570764E-0004  9.178378E-0001 -4.368850E-0003
  141  6.693628E+0005  5.922044E+0002  3.675524E-0004  9.171062E-0001 -4.166259E-0003
  142  6.698405E+0005  5.923800E+0002  3.675524E-0004  9.163746E-0001 -4.166259E-0003
  143  6.703183E+0005  5.925556E+0002  3.675524E-0004  9.156430E-0001 -4.166259E-0003
  144  6.707960E+0005  5.927312E+0002  3.675524E-0004  9.149114E-0001 -4.166259E-0003
  145  6.712738E+0005  5.929068E+0002  3.675524E-0004  9.141799E-0001 -4.166259E-0003
  146  6.717515E+0005  5.930824E+0002  3.675524E-0004  9.134483E-0001 -4.166259E-0003
  147  6.722293E+0005  5.932580E+0002  3.675524E-0004  9.127166E-0001 -4.166599E-0003
  148  6.727070E+0005  5.934336E+0002  3.675524E-0004  9.119850E-0001 -4.166259E-0003
  149  6.731848E+0005  5.936092E+0002  3.675524E-0004  9.112535E-0001 -4.166259E-0003
  150  6.736625E+0005  5.937848E+0002  3.675524E-0004  9.105218E-0001 -4.166599E-0003
  151  6.741403E+0005  5.939604E+0002  3.675524E-0004  9.097902E-0001 -4.166259E-0003
  152  6.746180E+0005  5.941360E+0002  3.675524E-0004  9.090586E-0001 -4.166259E-0003
  153  6.750958E+0005  5.943116E+0002  3.675524E-0004  9.083270E-0001 -4.166599E-0003
  154  6.755735E+0005  5.944872E+0002  3.675524E-0004  9.075954E-0001 -4.166259E-0003
  155  6.760513E+0005  5.946628E+0002  3.675524E-0004  9.068638E-0001 -4.166259E-0003
  156  6.765290E+0005  5.948384E+0002  3.675524E-0004  9.061322E-0001 -4.166259E-0003
  157  6.770068E+0005  5.950140E+0002  3.675524E-0004  9.054006E-0001 -4.166259E-0003
  158  6.774845E+0005  5.951896E+0002  3.675524E-0004  9.046690E-0001 -4.166259E-0003
  159  6.779623E+0005  5.953652E+0002  3.675524E-0004  9.039375E-0001 -4.166259E-0003
  160  6.784400E+0005  5.955408E+0002  3.675524E-0004  9.032058E-0001 -4.166599E-0003
  161  6.789178E+0005  5.957164E+0002  3.675524E-0004  9.024742E-0001 -4.166259E-0003
  162  6.793955E+0005  5.958920E+0002  3.675524E-0004  9.017426E-0001 -4.166259E-0003
  163  6.798733E+0005  5.960571E+0002  3.457062E-0004  9.009827E-0001 -4.601320E-0003
  164  6.803510E+0005  5.962056E+0002  3.108290E-0004  9.001774E-0001 -5.423073E-0003
  165  6.808288E+0005  5.963541E+0002  3.108290E-0004  8.993720E-0001 -5.423474E-0003
  166  6.813065E+0005  5.965026E+0002  3.108290E-0004  8.985667E-0001 -5.423073E-0003
  167  6.817843E+0005  5.966511E+0002  3.108290E-0004  8.977613E-0001 -5.423474E-0003
  168  6.822620E+0005  5.967996E+0002  3.108290E-0004  8.969560E-0001 -5.423073E-0003
  169  6.827398E+0005  5.969481E+0002  3.108290E-0004  8.961506E-0001 -5.423474E-0003
  170  6.832175E+0005  5.970699E+0002  2.549998E-0004  8.952727E-0001 -7.206307E-0003
  171  6.836953E+0005  5.971774E+0002  2.249773E-0004  8.943557E-0001 -8.531197E-0003
  172  6.841730E+0005  5.972850E+0002  2.251051E-0004  8.934388E-0001 -8.525801E-0003
  173  6.846508E+0005  5.973925E+0002  2.249773E-0004  8.925219E-0001 -8.531197E-0003
  174  6.851285E+0005  5.974999E+0002  2.249773E-0004  8.916050E-0001 -8.530642E-0003
  175  6.856063E+0005  5.976074E+0002  2.249773E-0004  8.906880E-0001 -8.531197E-0003
  176  6.860840E+0005  5.977150E+0002  2.251051E-0004  8.897710E-0001 -8.526355E-0003
  177  6.865618E+0005  5.978224E+0002  2.249773E-0004  8.888541E-0001 -8.530642E-0003
  178  6.870395E+0005  5.979299E+0002  2.249773E-0004  8.879372E-0001 -8.531197E-0003
  179  6.875173E+0005  5.980374E+0002  2.249773E-0004  8.870203E-0001 -8.530642E-0003
  180  6.879950E+0005  5.981450E+0002  2.251051E-0004  8.861033E-0001 -8.526355E-0003
  181  6.884728E+0005  5.982524E+0002  2.249773E-0004  8.851864E-0001 -8.530642E-0003
  182  6.889505E+0005  5.983599E+0002  2.249773E-0004  8.842695E-0001 -8.531197E-0003
  183  6.894283E+0005  5.984674E+0002  2.249773E-0004  8.833525E-0001 -8.531197E-0003
  184  6.899060E+0005  5.985750E+0002  2.251051E-0004  8.824356E-0001 -8.525801E-0003
  185  6.903838E+0005  5.986824E+0002  2.249773E-0004  8.815187E-0001 -8.531197E-0003
  186  6.908615E+0005  5.987899E+0002  2.249773E-0004  8.806018E-0001 -8.530642E-0003
  187  6.913393E+0005  5.988974E+0002  2.249773E-0004  8.796848E-0001 -8.531197E-0003
  188  6.918170E+0005  5.990049E+0002  2.251051E-0004  8.787679E-0001 -8.525801E-0003
  189  6.922948E+0005  5.991124E+0002  2.249773E-0004  8.778509E-0001 -8.531197E-0003
  190  6.927725E+0005  5.992199E+0002  2.249773E-0004  8.769340E-0001 -8.531197E-0003
  191  6.932503E+0005  5.993274E+0002  2.249773E-0004  8.760170E-0001 -8.531197E-0003
  192  6.937280E+0005  5.994349E+0002  2.251051E-0004  8.751001E-0001 -8.526355E-0003
  193  6.942058E+0005  5.995424E+0002  2.249773E-0004  8.741832E-0001 -8.530642E-0003
  194  6.946835E+0005  5.996499E+0002  2.249773E-0004  8.732662E-0001 -8.531197E-0003
  195  6.951613E+0005  5.997574E+0002  2.251051E-0004  8.723493E-0001 -8.526355E-0003
  196  6.956390E+0005  5.998649E+0002  2.249773E-0004  8.714323E-0001 -8.531197E-0003
  197  6.961168E+0005  5.999724E+0002  2.249773E-0004  8.705154E-0001 -8.530642E-0003
  198  6.965945E+0005  6.000799E+0002  2.249773E-0004  8.695984E-0001 -8.531197E-0003
  199  6.970723E+0005  6.001874E+0002  2.251051E-0004  8.686816E-0001 -8.525801E-0003
  200  6.975500E+0005  6.002949E+0002  2.249773E-0004  8.677646E-0001 -8.531197E-0003
  201  6.980278E+0005  6.004024E+0002  2.249773E-0004  8.668477E-0001 -8.530642E-0003
  202  6.985055E+0005  6.005099E+0002  2.249773E-0004  8.659307E-0001 -8.531197E-0003
  203  6.989833E+0005  6.006174E+0002  2.251051E-0004  8.650138E-0001 -8.525801E-0003
  204  6.994610E+0005  6.007249E+0002  2.249773E-0004  8.640969E-0001 -8.531197E-0003
  205  6.999388E+0005  6.008324E+0002  2.249773E-0004  8.631800E-0001 -8.530642E-0003
  206  7.004165E+0005  6.009399E+0002  2.249773E-0004  8.622630E-0001 -8.531197E-0003
  207  7.008943E+0005  6.010474E+0002  2.249773E-0004  8.613461E-0001 -8.530642E-0003
  208  7.013720E+0005  6.011549E+0002  2.251051E-0004  8.604292E-0001 -8.526355E-0003
  209  7.018498E+0005  6.012624E+0002  2.249773E-0004  8.595123E-0001 -8.530642E-0003
  210  7.023275E+0005  6.013699E+0002  2.249773E-0004  8.585953E-0001 -8.531197E-0003
  211  7.028053E+0005  6.014774E+0002  2.251051E-0004  8.576784E-0001 -8.525801E-0003
  212  7.032830E+0005  6.015849E+0002  2.249773E-0004  8.567615E-0001 -8.531197E-0003
  213  7.037608E+0005  6.016924E+0002  2.249773E-0004  8.558445E-0001 -8.531197E-0003
  214  7.042385E+0005  6.017999E+0002  2.249773E-0004  8.549276E-0001 -8.530642E-0003
  215  7.047163E+0005  6.019074E+0002  2.251051E-0004  8.540106E-0001 -8.526355E-0003
  216  7.051940E+0005  6.020142E+0002  2.234443E-0004  8.530918E-0001 -8.607039E-0003
  217  7.056718E+0005  6.021166E+0002  2.143736E-0004  8.521610E-0001 -9.088783E-0003
  218  7.061495E+0005  6.022190E+0002  2.143736E-0004  8.512301E-0001 -9.088783E-0003
  219  7.066273E+0005  6.023214E+0002  2.142459E-0004  8.502993E-0001 -9.094202E-0003
  220  7.071050E+0005  6.024238E+0002  2.143736E-0004  8.493685E-0001 -9.088201E-0003
  221  7.075828E+0005  6.025262E+0002  2.143736E-0004  8.484377E-0001 -9.088783E-0003
  222  7.080605E+0005  6.026285E+0002  2.142459E-0004  8.475068E-0001 -9.094202E-0003
  223  7.085383E+0005  6.027310E+0002  2.143736E-0004  8.465760E-0001 -9.088201E-0003
  224  7.090160E+0005  6.028334E+0002  2.143736E-0004  8.456452E-0001 -9.088783E-0003
  225  7.094938E+0005  6.029357E+0002  2.142459E-0004  8.447143E-0001 -9.094202E-0003
  226  7.099715E+0005  6.030335E+0002  2.046642E-0004  8.437709E-0001 -9.648584E-0003
  227  7.104493E+0005  6.031235E+0002  1.883115E-0004  8.428062E-0001 -1.072297E-0002
  228  7.109270E+0005  6.032134E+0002  1.883115E-0004  8.418415E-0001 -1.072297E-0002
  229  7.114048E+0005  6.033033E+0002  1.881838E-0004  8.408769E-0001 -1.072959E-0002
  230  7.118825E+0005  6.033933E+0002  1.883115E-0004  8.399122E-0001 -1.072297E-0002
  231  7.123603E+0005  6.034833E+0002  1.883115E-0004  8.389475E-0001 -1.072297E-0002
  232  7.128380E+0005  6.035732E+0002  1.881838E-0004  8.379828E-0001 -1.073025E-0002
  233  7.133158E+0005  6.036631E+0002  1.883115E-0004  8.370181E-0001 -1.072297E-0002
  234  7.137935E+0005  6.037531E+0002  1.883115E-0004  8.360534E-0001 -1.072231E-0002
  235  7.142713E+0005  6.038431E+0002  1.883115E-0004  8.350887E-0001 -1.072297E-0002
  236  7.147490E+0005  6.039330E+0002  1.881838E-0004  8.341240E-0001 -1.073025E-0002
  237  7.152268E+0005  6.040229E+0002  1.883115E-0004  8.331593E-0001 -1.072297E-0002
  238  7.157045E+0005  6.041129E+0002  1.883115E-0004  8.321946E-0001 -1.072297E-0002
  239  7.161823E+0005  6.042028E+0002  1.881838E-0004  8.312299E-0001 -1.073025E-0002
  240  7.166600E+0005  6.042928E+0002  1.883115E-0004  8.302652E-0001 -1.072297E-0002
  241  7.171378E+0005  6.043828E+0002  1.883115E-0004  8.293005E-0001 -1.072297E-0002
  242  7.176155E+0005  6.044727E+0002  1.883115E-0004  8.283358E-0001 -1.072297E-0002
  243  7.180933E+0005  6.045626E+0002  1.881838E-0004  8.273711E-0001 -1.073025E-0002
  244  7.185710E+0005  6.046526E+0002  1.883115E-0004  8.264064E-0001 -1.072297E-0002
  245  7.190488E+0005  6.047426E+0002  1.883115E-0004  8.254417E-0001 -1.072297E-0002
  246  7.195265E+0005  6.048325E+0002  1.883115E-0004  8.244770E-0001 -1.072297E-0002
  247  7.200043E+0005  6.049224E+0002  1.881838E-0004  8.235123E-0001 -1.073025E-0002
  248  7.204820E+0005  6.050124E+0002  1.883115E-0004  8.225476E-0001 -1.072297E-0002
  249  7.209598E+0005  6.051024E+0002  1.883115E-0004  8.215829E-0001 -1.072297E-0002
  250  7.214375E+0005  6.051923E+0002  1.881838E-0004  8.206182E-0001 -1.073025E-0002
  251  7.219153E+0005  6.052822E+0002  1.883115E-0004  8.196536E-0001 -1.072231E-0002
  252  7.223930E+0005  6.053722E+0002  1.883115E-0004  8.186889E-0001 -1.072297E-0002
  253  7.228708E+0005  6.054622E+0002  1.883115E-0004  8.177242E-0001 -1.072297E-0002
  254  7.233485E+0005  6.055521E+0002  1.881838E-0004  8.167595E-0001 -1.073025E-0002
  255  7.238263E+0005  6.056420E+0002  1.883115E-0004  8.157948E-0001 -1.072297E-0002
  256  7.243040E+0005  6.057320E+0002  1.883115E-0004  8.148301E-0001 -1.072297E-0002
  257  7.247818E+0005  6.058220E+0002  1.883115E-0004  8.138654E-0001 -1.072297E-0002
  258  7.252595E+0005  6.059119E+0002  1.881838E-0004  8.129007E-0001 -1.073025E-0002
  259  7.257373E+0005  6.060018E+0002  1.883115E-0004  8.119360E-0001 -1.072297E-0002
  260  7.262150E+0005  6.060918E+0002  1.883115E-0004  8.109713E-0001 -1.072297E-0002
  261  7.266928E+0005  6.061818E+0002  1.883115E-0004  8.100066E-0001 -1.072297E-0002
  262  7.271705E+0005  6.062717E+0002  1.881838E-0004  8.090419E-0001 -1.073025E-0002
  263  7.276483E+0005  6.063616E+0002  1.883115E-0004  8.080772E-0001 -1.072297E-0002
  264  7.281260E+0005  6.064516E+0002  1.883115E-0004  8.071125E-0001 -1.072297E-0002
  265  7.286038E+0005  6.065415E+0002  1.881838E-0004  8.061478E-0001 -1.073025E-0002
  266  7.290815E+0005  6.066315E+0002  1.883115E-0004  8.051831E-0001 -1.072231E-0002
  267  7.295593E+0005  6.067214E+0002  1.883115E-0004  8.042184E-0001 -1.072297E-0002
  268  7.300370E+0005  6.068114E+0002  1.883115E-0004  8.032537E-0001 -1.072297E-0002
  269  7.305148E+0005  6.069013E+0002  1.881838E-0004  8.022890E-0001 -1.073025E-0002
  270  7.309925E+0005  6.069913E+0002  1.883115E-0004  8.013243E-0001 -1.072297E-0002
  271  7.314703E+0005  6.070812E+0002  1.883115E-0004  8.003596E-0001 -1.072297E-0002
  272  7.319480E+0005  6.071711E+0002  1.881838E-0004  7.993949E-0001 -1.073025E-0002
  273  7.324258E+0005  6.072611E+0002  1.883115E-0004  7.984303E-0001 -1.072231E-0002
  274  7.329035E+0005  6.073511E+0002  1.883115E-0004  7.974656E-0001 -1.072297E-0002
  275  7.333813E+0005  6.074410E+0002  1.883115E-0004  7.965009E-0001 -1.072297E-0002
  276  7.338590E+0005  6.075309E+0002  1.881838E-0004  7.955362E-0001 -1.073025E-0002
  277  7.343368E+0005  6.076209E+0002  1.883115E-0004  7.945715E-0001 -1.072231E-0002
  278  7.348145E+0005  6.077109E+0002  1.883115E-0004  7.936068E-0001 -1.072297E-0002
  279  7.352923E+0005  6.078008E+0002  1.881838E-0004  7.926421E-0001 -1.073025E-0002
  280  7.357700E+0005  6.078907E+0002  1.883115E-0004  7.916774E-0001 -1.072297E-0002
  281  7.362478E+0005  6.079807E+0002  1.883115E-0004  7.907127E-0001 -1.072297E-0002
  282  7.367255E+0005  6.080707E+0002  1.883115E-0004  7.897480E-0001 -1.072297E-0002
  283  7.372033E+0005  6.081606E+0002  1.881838E-0004  7.887833E-0001 -1.073025E-0002
  284  7.376810E+0005  6.082505E+0002  1.883115E-0004  7.878187E-0001 -1.072231E-0002
  285  7.381588E+0005  6.083405E+0002  1.883115E-0004  7.868540E-0001 -1.072297E-0002
  286  7.386365E+0005  6.084304E+0002  1.881838E-0004  7.858893E-0001 -1.073025E-0002
  287  7.391143E+0005  6.085204E+0002  1.883115E-0004  7.849246E-0001 -1.072297E-0002
  288  7.395920E+0005  6.086104E+0002  1.883115E-0004  7.839599E-0001 -1.072297E-0002
  289  7.400698E+0005  6.087003E+0002  1.883115E-0004  7.829952E-0001 -1.072297E-0002
  290  7.405475E+0005  6.087902E+0002  1.881838E-0004  7.820305E-0001 -1.073025E-0002
  291  7.410253E+0005  6.088802E+0002  1.883115E-0004  7.810658E-0001 -1.072297E-0002
  292  7.415030E+0005  6.089702E+0002  1.883115E-0004  7.801011E-0001 -1.072297E-0002
  293  7.419808E+0005  6.090492E+0002  1.654433E-0004  7.791067E-0001 -1.257993E-0002
  294  7.424585E+0005  6.091229E+0002  1.542008E-0004  7.780977E-0001 -1.369696E-0002
  295  7.429363E+0005  6.091965E+0002  1.542008E-0004  7.770887E-0001 -1.369615E-0002
  296  7.434140E+0005  6.092702E+0002  1.542008E-0004  7.760797E-0001 -1.369615E-0002
  297  7.438918E+0005  6.093439E+0002  1.542008E-0004  7.750707E-0001 -1.369696E-0002
  298  7.443695E+0005  6.094175E+0002  1.542008E-0004  7.740617E-0001 -1.369615E-0002
  299  7.448473E+0005  6.094912E+0002  1.542008E-0004  7.730526E-0001 -1.369696E-0002
  300  7.453250E+0005  6.095649E+0002  1.542008E-0004  7.720436E-0001 -1.369615E-0002
  301  7.458028E+0005  6.096385E+0002  1.542008E-0004  7.710346E-0001 -1.369696E-0002
  302  7.462805E+0005  6.097122E+0002  1.540730E-0004  7.700256E-0001 -1.370750E-0002
  303  7.467583E+0005  6.097858E+0002  1.542008E-0004  7.690166E-0001 -1.369696E-0002
  304  7.472360E+0005  6.098595E+0002  1.542008E-0004  7.680076E-0001 -1.369615E-0002
  305  7.477138E+0005  6.099332E+0002  1.542008E-0004  7.669985E-0001 -1.369696E-0002
  306  7.481915E+0005  6.100067E+0002  1.539453E-0004  7.659891E-0001 -1.372455E-0002
  307  7.486693E+0005  6.100789E+0002  1.510069E-0004  7.649760E-0001 -1.404284E-0002
  308  7.491470E+0005  6.101510E+0002  1.510069E-0004  7.639629E-0001 -1.404284E-0002
  309  7.496248E+0005  6.102232E+0002  1.511347E-0004  7.629498E-0001 -1.403097E-0002
  310  7.501025E+0005  6.102953E+0002  1.510069E-0004  7.619367E-0001 -1.404284E-0002
  311  7.505803E+0005  6.103675E+0002  1.510069E-0004  7.609236E-0001 -1.404366E-0002
  312  7.510580E+0005  6.104396E+0002  1.510069E-0004  7.599105E-0001 -1.404284E-0002
  313  7.515358E+0005  6.105118E+0002  1.511347E-0004  7.588974E-0001 -1.403097E-0002
  314  7.520135E+0005  6.105840E+0002  1.510069E-0004  7.578843E-0001 -1.404284E-0002
  315  7.524913E+0005  6.106561E+0002  1.510069E-0004  7.568712E-0001 -1.404284E-0002
  316  7.529690E+0005  6.107283E+0002  1.510069E-0004  7.558581E-0001 -1.404284E-0002
  317  7.534468E+0005  6.108005E+0002  1.511347E-0004  7.548450E-0001 -1.403097E-0002
  318  7.539245E+0005  6.108726E+0002  1.510069E-0004  7.538318E-0001 -1.404366E-0002
  319  7.544023E+0005  6.109448E+0002  1.510069E-0004  7.528187E-0001 -1.404284E-0002
  320  7.548800E+0005  6.110139E+0002  1.446191E-0004  7.517973E-0001 -1.478302E-0002
  321  7.553578E+0005  6.110730E+0002  1.237950E-0004  7.507487E-0001 -1.773030E-0002
  322  7.558355E+0005  6.111321E+0002  1.237950E-0004  7.497001E-0001 -1.772930E-0002
  323  7.563133E+0005  6.111912E+0002  1.236673E-0004  7.486516E-0001 -1.774761E-0002
  324  7.567910E+0005  6.112504E+0002  1.237950E-0004  7.476030E-0001 -1.772930E-0002
  325  7.572688E+0005  6.113095E+0002  1.237950E-0004  7.465544E-0001 -1.772930E-0002
  326  7.577465E+0005  6.113687E+0002  1.237950E-0004  7.455059E-0001 -1.772930E-0002
  327  7.582243E+0005  6.114277E+0002  1.236673E-0004  7.444572E-0001 -1.774862E-0002
  328  7.587020E+0005  6.114869E+0002  1.237950E-0004  7.434087E-0001 -1.772930E-0002
  329  7.591798E+0005  6.115460E+0002  1.237950E-0004  7.423601E-0001 -1.772930E-0002
  330  7.596575E+0005  6.116052E+0002  1.237950E-0004  7.413116E-0001 -1.772930E-0002
  331  7.601353E+0005  6.116643E+0002  1.237950E-0004  7.402630E-0001 -1.772930E-0002
  332  7.606130E+0005  6.117234E+0002  1.236673E-0004  7.392144E-0001 -1.774761E-0002
  333  7.610908E+0005  6.117825E+0002  1.237950E-0004  7.381658E-0001 -1.773030E-0002
  334  7.615685E+0005  6.118417E+0002  1.237950E-0004  7.371172E-0001 -1.772930E-0002
  335  7.620463E+0005  6.119008E+0002  1.237950E-0004  7.360687E-0001 -1.772930E-0002
  336  7.625240E+0005  6.119599E+0002  1.236673E-0004  7.350201E-0001 -1.774761E-0002
  337  7.630018E+0005  6.120123E+0002  1.096142E-0004  7.339531E-0001 -2.037464E-0002
  338  7.634795E+0005  6.120505E+0002  7.997490E-0005  7.328475E-0001 -2.893651E-0002
  339  7.639573E+0005  6.120886E+0002  7.984714E-0005  7.317418E-0001 -2.898438E-0002
  340  7.644350E+0005  6.121268E+0002  7.984714E-0005  7.306362E-0001 -2.898438E-0002
  341  7.649128E+0005  6.121649E+0002  7.984714E-0005  7.295305E-0001 -2.898438E-0002
  342  7.653905E+0005  6.122031E+0002  7.984714E-0005  7.284249E-0001 -2.898281E-0002
  343  7.658683E+0005  6.122412E+0002  7.984714E-0005  7.273192E-0001 -2.898438E-0002
  344  7.663460E+0005  6.122794E+0002  7.997490E-0005  7.262136E-0001 -2.893807E-0002
  345  7.668238E+0005  6.123176E+0002  7.984714E-0005  7.251080E-0001 -2.898281E-0002
  346  7.673015E+0005  6.123557E+0002  7.984714E-0005  7.240023E-0001 -2.898438E-0002
  347  7.677793E+0005  6.123939E+0002  7.984714E-0005  7.228966E-0001 -2.898438E-0002
  348  7.682570E+0005  6.124320E+0002  7.984714E-0005  7.217910E-0001 -2.898438E-0002
  349  7.687348E+0005  6.124702E+0002  7.984714E-0005  7.206854E-0001 -2.898281E-0002
  350  7.692125E+0005  6.125083E+0002  7.984714E-0005  7.195797E-0001 -2.898438E-0002
  351  7.696903E+0005  6.125465E+0002  7.997490E-0005  7.184740E-0001 -2.893807E-0002
  352  7.701680E+0005  6.125847E+0002  7.984714E-0005  7.173684E-0001 -2.898438E-0002
  353  7.706458E+0005  6.126228E+0002  7.984714E-0005  7.162628E-0001 -2.898281E-0002
  354  7.711235E+0005  6.126609E+0002  7.984714E-0005  7.151571E-0001 -2.898438E-0002
  355  7.716013E+0005  6.126991E+0002  7.984714E-0005  7.140514E-0001 -2.898438E-0002
  356  7.720790E+0005  6.127372E+0002  7.984714E-0005  7.129458E-0001 -2.898438E-0002
  357  7.725568E+0005  6.127755E+0002  7.997490E-0005  7.118402E-0001 -2.893651E-0002
  358  7.730345E+0005  6.128136E+0002  7.984714E-0005  7.107345E-0001 -2.898438E-0002
  359  7.735123E+0005  6.128517E+0002  7.984714E-0005  7.096288E-0001 -2.898438E-0002
  360  7.739900E+0005  6.128899E+0002  7.984714E-0005  7.085232E-0001 -2.898438E-0002
  361  7.744678E+0005  6.129280E+0002  7.984714E-0005  7.074175E-0001 -2.898281E-0002
  362  7.749455E+0005  6.129662E+0002  7.984714E-0005  7.063119E-0001 -2.898438E-0002
  363  7.754233E+0005  6.130044E+0002  7.997490E-0005  7.052062E-0001 -2.893807E-0002
  364  7.759010E+0005  6.130425E+0002  7.984714E-0005  7.041006E-0001 -2.898281E-0002
  365  7.763788E+0005  6.130807E+0002  7.984714E-0005  7.029949E-0001 -2.898438E-0002
  366  7.768565E+0005  6.131188E+0002  7.984714E-0005  7.018893E-0001 -2.898438E-0002
  367  7.773343E+0005  6.131570E+0002  7.984714E-0005  7.007836E-0001 -2.898438E-0002
  368  7.778120E+0005  6.131951E+0002  7.984714E-0005  6.996780E-0001 -2.898281E-0002
  369  7.782898E+0005  6.132333E+0002  7.997490E-0005  6.985723E-0001 -2.893807E-0002
  370  7.787675E+0005  6.132715E+0002  7.984714E-0005  6.974667E-0001 -2.898438E-0002
  371  7.792453E+0005  6.133096E+0002  7.984714E-0005  6.963611E-0001 -2.898281E-0002
  372  7.797230E+0005  6.133478E+0002  7.984714E-0005  6.952554E-0001 -2.898438E-0002
  373  7.802008E+0005  6.133859E+0002  7.984714E-0005  6.941497E-0001 -2.898438E-0002
  374  7.806785E+0005  6.134241E+0002  7.984714E-0005  6.930441E-0001 -2.898438E-0002
  375  7.811563E+0005  6.134623E+0002  7.997490E-0005  6.919385E-0001 -2.893651E-0002
  376  7.816340E+0005  6.135004E+0002  7.984714E-0005  6.908328E-0001 -2.898438E-0002
  377  7.821118E+0005  6.135386E+0002  7.984714E-0005  6.897271E-0001 -2.898438E-0002
  378  7.825895E+0005  6.135767E+0002  7.984714E-0005  6.886215E-0001 -2.898281E-0002
  379  7.830673E+0005  6.136149E+0002  7.984714E-0005  6.875159E-0001 -2.898438E-0002
  380  7.835450E+0005  6.136530E+0002  7.984714E-0005  6.864102E-0001 -2.898438E-0002
  381  7.840228E+0005  6.136912E+0002  7.997490E-0005  6.853046E-0001 -2.893651E-0002
  382  7.845005E+0005  6.137294E+0002  7.984714E-0005  6.841989E-0001 -2.898438E-0002
  383  7.849783E+0005  6.137675E+0002  7.984714E-0005  6.830932E-0001 -2.898438E-0002
  384  7.854560E+0005  6.138057E+0002  7.984714E-0005  6.819876E-0001 -2.898438E-0002
  385  7.859338E+0005  6.138438E+0002  7.984714E-0005  6.808820E-0001 -2.898281E-0002
  386  7.864115E+0005  6.138820E+0002  7.984714E-0005  6.797763E-0001 -2.898438E-0002
  387  7.868893E+0005  6.139202E+0002  7.997490E-0005  6.786706E-0001 -2.893807E-0002
  388  7.873670E+0005  6.139583E+0002  7.984714E-0005  6.775650E-0001 -2.898281E-0002
  389  7.878448E+0005  6.139965E+0002  7.984714E-0005  6.764594E-0001 -2.898438E-0002
  390  7.883225E+0005  6.140363E+0002  8.342430E-0005  6.753583E-0001 -2.762640E-0002
  391  7.888003E+0005  6.140763E+0002  8.367981E-0005  6.742576E-0001 -2.753161E-0002
  392  7.892780E+0005  6.141163E+0002  8.367981E-0005  6.731570E-0001 -2.753012E-0002
  393  7.897558E+0005  6.141563E+0002  8.380756E-0005  6.720564E-0001 -2.748815E-0002
  394  7.902335E+0005  6.141963E+0002  8.367981E-0005  6.709558E-0001 -2.753161E-0002
  395  7.907113E+0005  6.142363E+0002  8.380756E-0005  6.698552E-0001 -2.748815E-0002
  396  7.911890E+0005  6.142763E+0002  8.367981E-0005  6.687545E-0001 -2.753161E-0002
  397  7.916668E+0005  6.143163E+0002  8.380756E-0005  6.676539E-0001 -2.748815E-0002
  398  7.921445E+0005  6.143563E+0002  8.367981E-0005  6.665533E-0001 -2.753012E-0002
  399  7.926223E+0005  6.143963E+0002  8.367981E-0005  6.654527E-0001 -2.753161E-0002
  400  7.931000E+0005  6.144363E+0002  8.380756E-0005  6.643521E-0001 -2.748815E-0002
  401  7.935778E+0005  6.144763E+0002  8.367981E-0005  6.632514E-0001 -2.753161E-0002
  402  7.940555E+0005  6.145164E+0002  8.380756E-0005  6.621508E-0001 -2.748815E-0002
  403  7.945333E+0005  6.145563E+0002  8.367981E-0005  6.610502E-0001 -2.753012E-0002
  404  7.950110E+0005  6.145963E+0002  8.367981E-0005  6.599495E-0001 -2.753161E-0002
  405  7.954888E+0005  6.146364E+0002  8.380756E-0005  6.588489E-0001 -2.748815E-0002
  406  7.959665E+0005  6.146763E+0002  8.367981E-0005  6.577483E-0001 -2.753161E-0002
  407  7.964443E+0005  6.147164E+0002  8.380756E-0005  6.566477E-0001 -2.748815E-0002
  408  7.969220E+0005  6.147563E+0002  8.367981E-0005  6.555471E-0001 -2.753012E-0002
  409  7.973998E+0005  6.147964E+0002  8.380756E-0005  6.544464E-0001 -2.748964E-0002
  410  7.978775E+0005  6.148364E+0002  8.367981E-0005  6.533458E-0001 -2.753012E-0002
  411  7.983553E+0005  6.148763E+0002  8.367981E-0005  6.522452E-0001 -2.753161E-0002
  412  7.988330E+0005  6.149164E+0002  8.380756E-0005  6.511446E-0001 -2.748815E-0002
  413  7.993108E+0005  6.149564E+0002  8.367981E-0005  6.500440E-0001 -2.753012E-0002
  414  7.997885E+0005  6.149964E+0002  8.380756E-0005  6.489433E-0001 -2.748964E-0002
  415  8.002663E+0005  6.150593E+0002  1.315881E-0004  6.479050E-0001 -1.651623E-0002
  416  8.007440E+0005  6.151245E+0002  1.364428E-0004  6.468729E-0001 -1.583348E-0002
  417  8.012218E+0005  6.151896E+0002  1.364428E-0004  6.458407E-0001 -1.583439E-0002
  418  8.016995E+0005  6.152548E+0002  1.363150E-0004  6.448086E-0001 -1.584832E-0002
  419  8.021773E+0005  6.153199E+0002  1.364428E-0004  6.437765E-0001 -1.583348E-0002
  420  8.026550E+0005  6.153851E+0002  1.364428E-0004  6.427443E-0001 -1.583439E-0002
  421  8.031328E+0005  6.154503E+0002  1.364428E-0004  6.417122E-0001 -1.583348E-0002
  422  8.036105E+0005  6.155154E+0002  1.363150E-0004  6.406800E-0001 -1.584923E-0002
  423  8.040883E+0005  6.155806E+0002  1.364428E-0004  6.396479E-0001 -1.583348E-0002
  424  8.045660E+0005  6.156458E+0002  1.364428E-0004  6.386158E-0001 -1.583348E-0002
  425  8.050438E+0005  6.157109E+0002  1.363150E-0004  6.375836E-0001 -1.584923E-0002
  426  8.055215E+0005  6.157761E+0002  1.364428E-0004  6.365515E-0001 -1.583348E-0002
  427  8.059993E+0005  6.158413E+0002  1.364428E-0004  6.355194E-0001 -1.583348E-0002
  428  8.064770E+0005  6.159065E+0002  1.364428E-0004  6.344872E-0001 -1.583439E-0002
  429  8.069548E+0005  6.159716E+0002  1.363150E-0004  6.334551E-0001 -1.584832E-0002
  430  8.074325E+0005  6.160368E+0002  1.364428E-0004  6.324229E-0001 -1.583439E-0002
  431  8.079103E+0005  6.161020E+0002  1.364428E-0004  6.313908E-0001 -1.583348E-0002
  432  8.083880E+0005  6.161671E+0002  1.363150E-0004  6.303587E-0001 -1.584832E-0002
  433  8.088658E+0005  6.162323E+0002  1.364428E-0004  6.293265E-0001 -1.583439E-0002
  434  8.093435E+0005  6.162975E+0002  1.364428E-0004  6.282944E-0001 -1.583348E-0002
  435  8.098213E+0005  6.163627E+0002  1.364428E-0004  6.272622E-0001 -1.583439E-0002
  436  8.102990E+0005  6.164278E+0002  1.363150E-0004  6.262301E-0001 -1.584832E-0002
  437  8.107768E+0005  6.164930E+0002  1.364428E-0004  6.251979E-0001 -1.583439E-0002
  438  8.112545E+0005  6.165582E+0002  1.364428E-0004  6.241658E-0001 -1.583348E-0002
  439  8.117323E+0005  6.166233E+0002  1.363150E-0004  6.231337E-0001 -1.584832E-0002
  440  8.122100E+0005  6.166885E+0002  1.364428E-0004  6.221015E-0001 -1.583439E-0002
  441  8.126878E+0005  6.167537E+0002  1.364428E-0004  6.210694E-0001 -1.583348E-0002
  442  8.131655E+0005  6.168188E+0002  1.364428E-0004  6.200373E-0001 -1.583439E-0002
  443  8.136433E+0005  6.168840E+0002  1.363150E-0004  6.190051E-0001 -1.584832E-0002
  444  8.141210E+0005  6.169492E+0002  1.364428E-0004  6.179730E-0001 -1.583439E-0002
  445  8.145988E+0005  6.170143E+0002  1.364428E-0004  6.169409E-0001 -1.583348E-0002
  446  8.150765E+0005  6.170795E+0002  1.364428E-0004  6.159087E-0001 -1.583348E-0002
  447  8.155543E+0005  6.171447E+0002  1.363150E-0004  6.148766E-0001 -1.584923E-0002
  448  8.160320E+0005  6.172098E+0002  1.364428E-0004  6.138445E-0001 -1.583348E-0002
  449  8.165098E+0005  6.172750E+0002  1.364428E-0004  6.128123E-0001 -1.583439E-0002
  450  8.169875E+0005  6.173401E+0002  1.363150E-0004  6.117802E-0001 -1.584832E-0002
  451  8.174653E+0005  6.174053E+0002  1.364428E-0004  6.107481E-0001 -1.583348E-0002
  452  8.179430E+0005  6.174705E+0002  1.364428E-0004  6.097159E-0001 -1.583439E-0002
  453  8.184208E+0005  6.175357E+0002  1.364428E-0004  6.086838E-0001 -1.583348E-0002
  454  8.188985E+0005  6.176008E+0002  1.363150E-0004  6.076517E-0001 -1.584832E-0002
  455  8.193763E+0005  6.176660E+0002  1.364428E-0004  6.066195E-0001 -1.583439E-0002
  456  8.198540E+0005  6.177312E+0002  1.364428E-0004  6.055874E-0001 -1.583348E-0002
  457  8.203318E+0005  6.177963E+0002  1.363150E-0004  6.045552E-0001 -1.584832E-0002
  458  8.208095E+0005  6.178615E+0002  1.364428E-0004  6.035231E-0001 -1.583439E-0002
  459  8.212873E+0005  6.179267E+0002  1.364428E-0004  6.024910E-0001 -1.583348E-0002
  460  8.217650E+0005  6.179919E+0002  1.364428E-0004  6.014588E-0001 -1.583439E-0002
  461  8.222428E+0005  6.180570E+0002  1.363150E-0004  6.004267E-0001 -1.584832E-0002
  462  8.227205E+0005  6.181222E+0002  1.364428E-0004  5.993946E-0001 -1.583348E-0002
  463  8.231983E+0005  6.181874E+0002  1.364428E-0004  5.983624E-0001 -1.583439E-0002
  464  8.236760E+0005  6.182525E+0002  1.363150E-0004  5.973303E-0001 -1.584832E-0002
  465  8.241538E+0005  6.183177E+0002  1.364428E-0004  5.962982E-0001 -1.583348E-0002
  466  8.246315E+0005  6.183829E+0002  1.364428E-0004  5.952660E-0001 -1.583439E-0002
  467  8.251093E+0005  6.184481E+0002  1.364428E-0004  5.942339E-0001 -1.583348E-0002
  468  8.255870E+0005  6.185132E+0002  1.363150E-0004  5.932017E-0001 -1.584923E-0002
  469  8.260648E+0005  6.185784E+0002  1.364428E-0004  5.921696E-0001 -1.583348E-0002
  470  8.265425E+0005  6.186436E+0002  1.364428E-0004  5.911375E-0001 -1.583348E-0002
  471  8.270203E+0005  6.187087E+0002  1.364428E-0004  5.901053E-0001 -1.583439E-0002
  472  8.274980E+0005  6.187739E+0002  1.363150E-0004  5.890732E-0001 -1.584832E-0002
  473  8.279758E+0005  6.188391E+0002  1.364428E-0004  5.880411E-0001 -1.583348E-0002
  474  8.284535E+0005  6.189042E+0002  1.364428E-0004  5.870089E-0001 -1.583439E-0002
  475  8.289313E+0005  6.189694E+0002  1.363150E-0004  5.859768E-0001 -1.584832E-0002
  476  8.294090E+0005  6.190345E+0002  1.364428E-0004  5.849447E-0001 -1.583348E-0002
  477  8.298868E+0005  6.190997E+0002  1.364428E-0004  5.839125E-0001 -1.583439E-0002
  478  8.303645E+0005  6.191649E+0002  1.364428E-0004  5.828804E-0001 -1.583348E-0002
  479  8.308423E+0005  6.192300E+0002  1.363150E-0004  5.818483E-0001 -1.584832E-0002
  480  8.313200E+0005  6.192952E+0002  1.364428E-0004  5.808161E-0001 -1.583439E-0002
  481  8.317978E+0005  6.193604E+0002  1.364428E-0004  5.797840E-0001 -1.583348E-0002
  482  8.322755E+0005  6.194255E+0002  1.363150E-0004  5.787519E-0001 -1.584832E-0002
  483  8.327533E+0005  6.194907E+0002  1.364428E-0004  5.777197E-0001 -1.583348E-0002
  484  8.332310E+0005  6.195559E+0002  1.364428E-0004  5.766876E-0001 -1.583439E-0002
  485  8.337088E+0005  6.196211E+0002  1.364428E-0004  5.756555E-0001 -1.583348E-0002
  486  8.341865E+0005  6.196862E+0002  1.363150E-0004  5.746233E-0001 -1.584832E-0002
  487  8.346643E+0005  6.197514E+0002  1.364428E-0004  5.735912E-0001 -1.583439E-0002
  488  8.351420E+0005  6.198166E+0002  1.364428E-0004  5.725591E-0001 -1.583348E-0002
  489  8.356198E+0005  6.198817E+0002  1.363150E-0004  5.715269E-0001 -1.584832E-0002
  490  8.360975E+0005  6.199469E+0002  1.364428E-0004  5.704948E-0001 -1.583348E-0002
  491  8.365753E+0005  6.200121E+0002  1.364428E-0004  5.694627E-0001 -1.583439E-0002
  492  8.370530E+0005  6.200773E+0002  1.364428E-0004  5.684305E-0001 -1.583348E-0002
  493  8.375308E+0005  6.201424E+0002  1.363150E-0004  5.673984E-0001 -1.584832E-0002
  494  8.380085E+0005  6.202076E+0002  1.364428E-0004  5.663663E-0001 -1.583439E-0002
  495  8.384863E+0005  6.202728E+0002  1.364428E-0004  5.653341E-0001 -1.583348E-0002
  496  8.389640E+0005  6.203379E+0002  1.363150E-0004  5.643020E-0001 -1.584923E-0002
  497  8.394418E+0005  6.204031E+0002  1.364428E-0004  5.632699E-0001 -1.583348E-0002
  498  8.399195E+0005  6.204683E+0002  1.364428E-0004  5.622377E-0001 -1.583348E-0002
  499  8.403973E+0005  6.205334E+0002  1.364428E-0004  5.612056E-0001 -1.583439E-0002
  500  8.408750E+0005  6.205986E+0002  1.363150E-0004  5.601735E-0001 -1.584832E-0002
  501  8.413528E+0005  6.206638E+0002  1.364428E-0004  5.591413E-0001 -1.583348E-0002
  502  8.418305E+0005  6.207289E+0002  1.364428E-0004  5.581092E-0001 -1.583439E-0002
  503  8.423083E+0005  6.207941E+0002  1.363150E-0004  5.570771E-0001 -1.584832E-0002
  504  8.427860E+0005  6.208593E+0002  1.364428E-0004  5.560449E-0001 -1.583439E-0002
  505  8.432638E+0005  6.209244E+0002  1.364428E-0004  5.550128E-0001 -1.583348E-0002
  506  8.437415E+0005  6.209896E+0002  1.364428E-0004  5.539806E-0001 -1.583348E-0002
  507  8.442193E+0005  6.210343E+0002  9.351697E-0005  5.528928E-0001 -2.434869E-0002
  508  8.446970E+0005  6.210751E+0002  8.546838E-0005  5.517944E-0001 -2.689999E-0002
  509  8.451748E+0005  6.211160E+0002  8.546838E-0005  5.506960E-0001 -2.689999E-0002
  510  8.456525E+0005  6.211567E+0002  8.534062E-0005  5.495976E-0001 -2.694026E-0002
  511  8.461303E+0005  6.211976E+0002  8.546838E-0005  5.484992E-0001 -2.690145E-0002
  512  8.466080E+0005  6.212384E+0002  8.546838E-0005  5.474008E-0001 -2.689999E-0002
  513  8.470858E+0005  6.212792E+0002  8.546838E-0005  5.463024E-0001 -2.689999E-0002
  514  8.475635E+0005  6.213201E+0002  8.546838E-0005  5.452040E-0001 -2.689999E-0002
  515  8.480413E+0005  6.213608E+0002  8.534062E-0005  5.441056E-0001 -2.694026E-0002
  516  8.485190E+0005  6.214017E+0002  8.546838E-0005  5.430072E-0001 -2.689999E-0002
  517  8.489968E+0005  6.214425E+0002  8.546838E-0005  5.419087E-0001 -2.690145E-0002
  518  8.494745E+0005  6.214833E+0002  8.546838E-0005  5.408103E-0001 -2.689999E-0002
  519  8.499523E+0005  6.215241E+0002  8.534062E-0005  5.397120E-0001 -2.694026E-0002
  520  8.504300E+0005  6.215649E+0002  8.546838E-0005  5.386136E-0001 -2.689999E-0002
  521  8.509078E+0005  6.216058E+0002  8.546838E-0005  5.375152E-0001 -2.689999E-0002
  522  8.513855E+0005  6.216466E+0002  8.546838E-0005  5.364168E-0001 -2.689999E-0002
  523  8.518633E+0005  6.216874E+0002  8.546838E-0005  5.353184E-0001 -2.689999E-0002
  524  8.523410E+0005  6.217282E+0002  8.534062E-0005  5.342199E-0001 -2.694172E-0002
  525  8.528188E+0005  6.217690E+0002  8.546838E-0005  5.331215E-0001 -2.689999E-0002
  526  8.532965E+0005  6.218099E+0002  8.546838E-0005  5.320231E-0001 -2.689999E-0002
  527  8.537743E+0005  6.218507E+0002  8.546838E-0005  5.309247E-0001 -2.689999E-0002
  528  8.542520E+0005  6.218915E+0002  8.546838E-0005  5.298263E-0001 -2.689999E-0002
  529  8.547298E+0005  6.219323E+0002  8.534062E-0005  5.287279E-0001 -2.694026E-0002
  530  8.552075E+0005  6.219731E+0002  8.546838E-0005  5.276296E-0001 -2.689999E-0002
  531  8.556853E+0005  6.220130E+0002  8.342430E-0005  5.265284E-0001 -2.762789E-0002
  532  8.561630E+0005  6.220509E+0002  7.933613E-0005  5.254222E-0001 -2.918522E-0002
  533  8.566408E+0005  6.220889E+0002  7.946388E-0005  5.243160E-0001 -2.913830E-0002
  534  8.571185E+0005  6.221268E+0002  7.946388E-0005  5.232098E-0001 -2.913987E-0002
  535  8.575963E+0005  6.221648E+0002  7.946388E-0005  5.221035E-0001 -2.913830E-0002
  536  8.580740E+0005  6.222027E+0002  7.933613E-0005  5.209973E-0001 -2.918680E-0002
  537  8.585518E+0005  6.222407E+0002  7.946388E-0005  5.198911E-0001 -2.913830E-0002
  538  8.590295E+0005  6.222786E+0002  7.946388E-0005  5.187848E-0001 -2.913987E-0002
  539  8.595073E+0005  6.223165E+0002  7.933613E-0005  5.176786E-0001 -2.918522E-0002
  540  8.599850E+0005  6.223545E+0002  7.946388E-0005  5.165724E-0001 -2.913830E-0002
  541  8.604628E+0005  6.223925E+0002  7.946388E-0005  5.154662E-0001 -2.913987E-0002
  542  8.609405E+0005  6.224304E+0002  7.946388E-0005  5.143600E-0001 -2.913830E-0002
  543  8.614183E+0005  6.224683E+0002  7.933613E-0005  5.132537E-0001 -2.918680E-0002
  544  8.618960E+0005  6.225063E+0002  7.946388E-0005  5.121475E-0001 -2.913830E-0002
  545  8.623738E+0005  6.225443E+0002  7.946388E-0005  5.110413E-0001 -2.913830E-0002
  546  8.628515E+0005  6.225822E+0002  7.933613E-0005  5.099350E-0001 -2.918680E-0002
  547  8.633293E+0005  6.226201E+0002  7.946388E-0005  5.088288E-0001 -2.913830E-0002
  548  8.638070E+0005  6.226581E+0002  7.946388E-0005  5.077226E-0001 -2.913987E-0002
  549  8.642848E+0005  6.226960E+0002  7.946388E-0005  5.066164E-0001 -2.913830E-0002
  550  8.647625E+0005  6.227339E+0002  7.933613E-0005  5.055101E-0001 -2.918680E-0002
  551  8.652403E+0005  6.227719E+0002  7.946388E-0005  5.044039E-0001 -2.913830E-0002
  552  8.657180E+0005  6.228099E+0002  7.946388E-0005  5.032977E-0001 -2.913830E-0002
  553  8.661958E+0005  6.228478E+0002  7.933613E-0005  5.021914E-0001 -2.918680E-0002
  554  8.666735E+0005  6.228857E+0002  7.946388E-0005  5.010852E-0001 -2.913830E-0002
  555  8.671513E+0005  6.229237E+0002  7.946388E-0005  4.999790E-0001 -2.913909E-0002
  556  8.676290E+0005  6.229616E+0002  7.933613E-0005  4.988728E-0001 -2.918601E-0002
  557  8.681068E+0005  6.229996E+0002  7.946388E-0005  4.977665E-0001 -2.913909E-0002
  558  8.685845E+0005  6.230319E+0002  6.758262E-0005  4.966449E-0001 -3.473812E-0002
  559  8.690623E+0005  6.230641E+0002  6.745486E-0005  4.955231E-0001 -3.480946E-0002
  560  8.695400E+0005  6.230963E+0002  6.745486E-0005  4.944014E-0001 -3.480854E-0002
  561  8.700178E+0005  6.231285E+0002  6.745486E-0005  4.932796E-0001 -3.480946E-0002
  562  8.704955E+0005  6.231608E+0002  6.745486E-0005  4.921578E-0001 -3.480946E-0002
  563  8.709733E+0005  6.231931E+0002  6.758262E-0005  4.910360E-0001 -3.474274E-0002
  564  8.714510E+0005  6.232253E+0002  6.745486E-0005  4.899142E-0001 -3.480946E-0002
  565  8.719288E+0005  6.232575E+0002  6.745486E-0005  4.887925E-0001 -3.480854E-0002
  566  8.724065E+0005  6.232897E+0002  6.745486E-0005  4.876707E-0001 -3.480946E-0002
  567  8.728843E+0005  6.233220E+0002  6.745486E-0005  4.865489E-0001 -3.480946E-0002
  568  8.733620E+0005  6.233542E+0002  6.745486E-0005  4.854271E-0001 -3.480854E-0002
  569  8.738398E+0005  6.233864E+0002  6.745486E-0005  4.843054E-0001 -3.480946E-0002
  570  8.743175E+0005  6.234186E+0002  6.745486E-0005  4.831836E-0001 -3.480946E-0002
  571  8.747953E+0005  6.234509E+0002  6.745486E-0005  4.820618E-0001 -3.480854E-0002
  572  8.752730E+0005  6.234831E+0002  6.745486E-0005  4.809400E-0001 -3.480946E-0002
  573  8.757508E+0005  6.235153E+0002  6.745486E-0005  4.798183E-0001 -3.480854E-0002
  574  8.762285E+0005  6.235475E+0002  6.745486E-0005  4.786965E-0001 -3.480946E-0002
  575  8.767063E+0005  6.235798E+0002  6.745486E-0005  4.775747E-0001 -3.480946E-0002
  576  8.771840E+0005  6.236120E+0002  6.745486E-0005  4.764529E-0001 -3.480854E-0002
  577  8.776618E+0005  6.236442E+0002  6.745486E-0005  4.753311E-0001 -3.480946E-0002
  578  8.781395E+0005  6.236765E+0002  6.745486E-0005  4.742093E-0001 -3.480946E-0002
  579  8.786173E+0005  6.237087E+0002  6.745486E-0005  4.730876E-0001 -3.480854E-0002
  580  8.790950E+0005  6.237410E+0002  6.758262E-0005  4.719658E-0001 -3.474366E-0002
  581  8.795728E+0005  6.237732E+0002  6.745486E-0005  4.708440E-0001 -3.480946E-0002
  582  8.800505E+0005  6.238054E+0002  6.745486E-0005  4.697222E-0001 -3.480854E-0002
  583  8.805283E+0005  6.238376E+0002  6.745486E-0005  4.686005E-0001 -3.480946E-0002
  584  8.810060E+0005  6.238699E+0002  6.745486E-0005  4.674787E-0001 -3.480854E-0002
  585  8.814838E+0005  6.239021E+0002  6.745486E-0005  4.663569E-0001 -3.480946E-0002
  586  8.819615E+0005  6.239343E+0002  6.745486E-0005  4.652351E-0001 -3.480946E-0002
  587  8.824393E+0005  6.239666E+0002  6.745486E-0005  4.641134E-0001 -3.480854E-0002
  588  8.829170E+0005  6.239988E+0002  6.745486E-0005  4.629916E-0001 -3.480946E-0002
  589  8.833948E+0005  6.240303E+0002  6.604956E-0005  4.618680E-0001 -3.560581E-0002
  590  8.838725E+0005  6.240619E+0002  6.604956E-0005  4.607444E-0001 -3.560864E-0002
  591  8.843503E+0005  6.240934E+0002  6.604956E-0005  4.596208E-0001 -3.560770E-0002
  592  8.848280E+0005  6.241250E+0002  6.604956E-0005  4.584971E-0001 -3.560864E-0002
  593  8.853058E+0005  6.241566E+0002  6.604956E-0005  4.573735E-0001 -3.560864E-0002
  594  8.857835E+0005  6.241881E+0002  6.604956E-0005  4.562499E-0001 -3.560770E-0002
  595  8.862613E+0005  6.242197E+0002  6.604956E-0005  4.551263E-0001 -3.560864E-0002
  596  8.867390E+0005  6.242512E+0002  6.604956E-0005  4.540026E-0001 -3.560770E-0002
  597  8.872168E+0005  6.242828E+0002  6.604956E-0005  4.528790E-0001 -3.560864E-0002
  598  8.876945E+0005  6.243143E+0002  6.604956E-0005  4.517554E-0001 -3.560864E-0002
  599  8.881723E+0005  6.243459E+0002  6.604956E-0005  4.506318E-0001 -3.560770E-0002
  600  8.886500E+0005  6.243774E+0002  6.604956E-0005  4.495081E-0001 -3.560864E-0002
  601  8.891278E+0005  6.244090E+0002  6.604956E-0005  4.483845E-0001 -3.560770E-0002
  602  8.896055E+0005  6.244405E+0002  6.592180E-0005  4.472609E-0001 -3.567765E-0002
  603  8.900833E+0005  6.244720E+0002  6.604956E-0005  4.461372E-0001 -3.560864E-0002
  604  8.905610E+0005  6.245036E+0002  6.604956E-0005  4.450136E-0001 -3.560770E-0002
  605  8.910388E+0005  6.245352E+0002  6.604956E-0005  4.438900E-0001 -3.560864E-0002
  606  8.915165E+0005  6.245667E+0002  6.604956E-0005  4.427664E-0001 -3.560770E-0002
  607  8.919943E+0005  6.245983E+0002  6.604956E-0005  4.416428E-0001 -3.560864E-0002
  608  8.924720E+0005  6.246298E+0002  6.604956E-0005  4.405191E-0001 -3.560864E-0002
  609  8.929498E+0005  6.246614E+0002  6.604956E-0005  4.393955E-0001 -3.560770E-0002
  610  8.934275E+0005  6.246929E+0002  6.604956E-0005  4.382719E-0001 -3.560864E-0002
  611  8.939053E+0005  6.247245E+0002  6.604956E-0005  4.371483E-0001 -3.560770E-0002
  612  8.943830E+0005  6.247560E+0002  6.604956E-0005  4.360246E-0001 -3.560864E-0002
  613  8.948608E+0005  6.247876E+0002  6.604956E-0005  4.349010E-0001 -3.560770E-0002
  614  8.953385E+0005  6.248192E+0002  6.604956E-0005  4.337774E-0001 -3.560864E-0002
  615  8.958163E+0005  6.248507E+0002  6.604956E-0005  4.326538E-0001 -3.560864E-0002
  616  8.962940E+0005  6.248822E+0002  6.592180E-0005  4.315301E-0001 -3.567671E-0002
  617  8.967718E+0005  6.249138E+0002  6.604956E-0005  4.304065E-0001 -3.560864E-0002
  618  8.972495E+0005  6.249453E+0002  6.604956E-0005  4.292829E-0001 -3.560770E-0002
  619  8.977273E+0005  6.249769E+0002  6.604956E-0005  4.281593E-0001 -3.560864E-0002
  620  8.982050E+0005  6.250084E+0002  6.604956E-0005  4.270356E-0001 -3.560864E-0002
  621  8.986828E+0005  6.250400E+0002  6.604956E-0005  4.259120E-0001 -3.560770E-0002
  622  8.991605E+0005  6.250715E+0002  6.604956E-0005  4.247884E-0001 -3.560864E-0002
  623  8.996383E+0005  6.251031E+0002  6.604956E-0005  4.236647E-0001 -3.560864E-0002
  624  9.001160E+0005  6.251346E+0002  6.604956E-0005  4.225411E-0001 -3.560864E-0002
  625  9.005938E+0005  6.251662E+0002  6.604956E-0005  4.214175E-0001 -3.560770E-0002
  626  9.010715E+0005  6.251978E+0002  6.604956E-0005  4.202939E-0001 -3.560864E-0002
  627  9.015493E+0005  6.252293E+0002  6.604956E-0005  4.191702E-0001 -3.560864E-0002
  628  9.020270E+0005  6.252609E+0002  6.604956E-0005  4.180466E-0001 -3.560770E-0002
  629  9.025048E+0005  6.252924E+0002  6.604956E-0005  4.169230E-0001 -3.560864E-0002
  630  9.029825E+0005  6.253240E+0002  6.604956E-0005  4.157993E-0001 -3.560864E-0002
  631  9.034603E+0005  6.253555E+0002  6.604956E-0005  4.146757E-0001 -3.560864E-0002
  632  9.039380E+0005  6.253870E+0002  6.592180E-0005  4.135521E-0001 -3.567671E-0002
  633  9.044158E+0005  6.254186E+0002  6.604956E-0005  4.124285E-0001 -3.560864E-0002
  634  9.048935E+0005  6.254501E+0002  6.604956E-0005  4.113048E-0001 -3.560864E-0002
  635  9.053713E+0005  6.254817E+0002  6.604956E-0005  4.101812E-0001 -3.560770E-0002
  636  9.058490E+0005  6.255132E+0002  6.604956E-0005  4.090576E-0001 -3.560864E-0002
  637  9.063268E+0005  6.255448E+0002  6.604956E-0005  4.079340E-0001 -3.560864E-0002
  638  9.068045E+0005  6.255764E+0002  6.604956E-0005  4.068103E-0001 -3.560864E-0002
  639  9.072823E+0005  6.256079E+0002  6.604956E-0005  4.056867E-0001 -3.560770E-0002
  640  9.077600E+0005  6.256395E+0002  6.604956E-0005  4.045631E-0001 -3.560864E-0002
  641  9.082378E+0005  6.256710E+0002  6.604956E-0005  4.034394E-0001 -3.560864E-0002
  642  9.087155E+0005  6.257026E+0002  6.604956E-0005  4.023158E-0001 -3.560770E-0002
  643  9.091933E+0005  6.257341E+0002  6.604956E-0005  4.011922E-0001 -3.560864E-0002
  644  9.096710E+0005  6.257657E+0002  6.604956E-0005  4.000686E-0001 -3.560864E-0002
  645  9.101488E+0005  6.257972E+0002  6.604956E-0005  3.989449E-0001 -3.560864E-0002
  646  9.106265E+0005  6.258288E+0002  6.604956E-0005  3.978213E-0001 -3.560770E-0002
  647  9.111043E+0005  6.258603E+0002  6.592180E-0005  3.966977E-0001 -3.567765E-0002
  648  9.115820E+0005  6.258918E+0002  6.604956E-0005  3.955740E-0001 -3.560864E-0002
  649  9.120598E+0005  6.259234E+0002  6.604956E-0005  3.944504E-0001 -3.560864E-0002
  650  9.125375E+0005  6.259550E+0002  6.604956E-0005  3.933268E-0001 -3.560770E-0002
  651  9.130153E+0005  6.259865E+0002  6.604956E-0005  3.922032E-0001 -3.560864E-0002
  652  9.134930E+0005  6.260169E+0002  6.362220E-0005  3.910764E-0001 -3.707113E-0002
  653  9.139708E+0005  6.260464E+0002  6.183363E-0005  3.899472E-0001 -3.822314E-0002
  654  9.144485E+0005  6.260759E+0002  6.170588E-0005  3.888181E-0001 -3.830127E-0002
  655  9.149263E+0005  6.261055E+0002  6.183363E-0005  3.876889E-0001 -3.822314E-0002
  656  9.154040E+0005  6.261350E+0002  6.183363E-0005  3.865598E-0001 -3.822314E-0002
  657  9.158818E+0005  6.261646E+0002  6.183363E-0005  3.854306E-0001 -3.822314E-0002
  658  9.163595E+0005  6.261940E+0002  6.170588E-0005  3.843015E-0001 -3.830228E-0002
  659  9.168373E+0005  6.262236E+0002  6.183363E-0005  3.831723E-0001 -3.822314E-0002
  660  9.173150E+0005  6.262531E+0002  6.183363E-0005  3.820432E-0001 -3.822314E-0002
  661  9.177928E+0005  6.262826E+0002  6.170588E-0005  3.809140E-0001 -3.830228E-0002
  662  9.182705E+0005  6.263121E+0002  6.183363E-0005  3.797849E-0001 -3.822213E-0002
  663  9.187483E+0005  6.263417E+0002  6.183363E-0005  3.786558E-0001 -3.822314E-0002
  664  9.192260E+0005  6.263712E+0002  6.183363E-0005  3.775266E-0001 -3.822314E-0002
  665  9.197038E+0005  6.264007E+0002  6.170588E-0005  3.763975E-0001 -3.830228E-0002
  666  9.201815E+0005  6.264302E+0002  6.183363E-0005  3.752683E-0001 -3.822314E-0002
  667  9.206593E+0005  6.264598E+0002  6.183363E-0005  3.741392E-0001 -3.822314E-0002
  668  9.211370E+0005  6.264893E+0002  6.170588E-0005  3.730100E-0001 -3.830228E-0002
  669  9.216148E+0005  6.265188E+0002  6.183363E-0005  3.718809E-0001 -3.822314E-0002
  670  9.220925E+0005  6.265483E+0002  6.183363E-0005  3.707517E-0001 -3.822213E-0002
  671  9.225703E+0005  6.265778E+0002  6.170588E-0005  3.696226E-0001 -3.830228E-0002
  672  9.230480E+0005  6.266074E+0002  6.183363E-0005  3.684934E-0001 -3.822314E-0002
  673  9.235258E+0005  6.266369E+0002  6.183363E-0005  3.673643E-0001 -3.822314E-0002
  674  9.240035E+0005  6.266664E+0002  6.183363E-0005  3.662351E-0001 -3.822314E-0002
  675  9.244813E+0005  6.266959E+0002  6.170588E-0005  3.651060E-0001 -3.830228E-0002
  676  9.249590E+0005  6.267255E+0002  6.183363E-0005  3.639768E-0001 -3.822314E-0002
  677  9.254368E+0005  6.267550E+0002  6.183363E-0005  3.628477E-0001 -3.822213E-0002
  678  9.259145E+0005  6.267845E+0002  6.170588E-0005  3.617186E-0001 -3.830228E-0002
  679  9.263923E+0005  6.268140E+0002  6.183363E-0005  3.605894E-0001 -3.822314E-0002
  680  9.268700E+0005  6.268436E+0002  6.183363E-0005  3.594603E-0001 -3.822314E-0002
  681  9.273478E+0005  6.268730E+0002  6.170588E-0005  3.583311E-0001 -3.830228E-0002
  682  9.278255E+0005  6.269026E+0002  6.183363E-0005  3.572020E-0001 -3.822314E-0002
  683  9.283033E+0005  6.269321E+0002  6.183363E-0005  3.560728E-0001 -3.822314E-0002
  684  9.287810E+0005  6.269617E+0002  6.183363E-0005  3.549437E-0001 -3.822314E-0002
  685  9.292588E+0005  6.269911E+0002  6.170588E-0005  3.538145E-0001 -3.830127E-0002
  686  9.297365E+0005  6.270196E+0002  5.953403E-0005  3.526824E-0001 -3.980540E-0002
  687  9.302143E+0005  6.270475E+0002  5.851199E-0005  3.515489E-0001 -4.054653E-0002
  688  9.306920E+0005  6.270755E+0002  5.851199E-0005  3.504155E-0001 -4.054653E-0002
  689  9.311698E+0005  6.271034E+0002  5.838423E-0005  3.492821E-0001 -4.063526E-0002
  690  9.316475E+0005  6.271313E+0002  5.851199E-0005  3.481486E-0001 -4.054653E-0002
  691  9.321253E+0005  6.271593E+0002  5.851199E-0005  3.470152E-0001 -4.054653E-0002
  692  9.326030E+0005  6.271873E+0002  5.851199E-0005  3.458817E-0001 -4.054653E-0002
  693  9.330808E+0005  6.272152E+0002  5.851199E-0005  3.447483E-0001 -4.054547E-0002
  694  9.335585E+0005  6.272432E+0002  5.851199E-0005  3.436149E-0001 -4.054653E-0002
  695  9.340363E+0005  6.272711E+0002  5.851199E-0005  3.424814E-0001 -4.054653E-0002
  696  9.345140E+0005  6.272991E+0002  5.851199E-0005  3.413480E-0001 -4.054653E-0002
  697  9.349918E+0005  6.273270E+0002  5.838423E-0005  3.402146E-0001 -4.063526E-0002
  698  9.354695E+0005  6.273549E+0002  5.851199E-0005  3.390811E-0001 -4.054653E-0002
  699  9.359473E+0005  6.273829E+0002  5.851199E-0005  3.379477E-0001 -4.054653E-0002
  700  9.364250E+0005  6.274108E+0002  5.851199E-0005  3.368142E-0001 -4.054653E-0002
  701  9.369028E+0005  6.274388E+0002  5.851199E-0005  3.356808E-0001 -4.054653E-0002
  702  9.373805E+0005  6.274667E+0002  5.851199E-0005  3.345473E-0001 -4.054653E-0002
  703  9.378583E+0005  6.274947E+0002  5.851199E-0005  3.334139E-0001 -4.054547E-0002
  704  9.383360E+0005  6.275226E+0002  5.838423E-0005  3.322805E-0001 -4.063526E-0002
  705  9.388138E+0005  6.275505E+0002  5.851199E-0005  3.311470E-0001 -4.054653E-0002
  706  9.392915E+0005  6.275785E+0002  5.851199E-0005  3.300136E-0001 -4.054653E-0002
  707  9.397693E+0005  6.276064E+0002  5.851199E-0005  3.288802E-0001 -4.054653E-0002
  708  9.402470E+0005  6.276344E+0002  5.851199E-0005  3.277467E-0001 -4.054653E-0002
  709  9.407248E+0005  6.276624E+0002  5.851199E-0005  3.266133E-0001 -4.054653E-0002
  710  9.412025E+0005  6.276903E+0002  5.851199E-0005  3.254798E-0001 -4.054653E-0002
  711  9.416803E+0005  6.277183E+0002  5.851199E-0005  3.243464E-0001 -4.054653E-0002
  712  9.421580E+0005  6.277462E+0002  5.838423E-0005  3.232130E-0001 -4.063419E-0002
  713  9.426358E+0005  6.277741E+0002  5.851199E-0005  3.220795E-0001 -4.054653E-0002
  714  9.431135E+0005  6.278021E+0002  5.851199E-0005  3.209461E-0001 -4.054653E-0002
  715  9.435913E+0005  6.278300E+0002  5.851199E-0005  3.198127E-0001 -4.054653E-0002
  716  9.440690E+0005  6.278580E+0002  5.851199E-0005  3.186792E-0001 -4.054653E-0002
  717  9.445468E+0005  6.278859E+0002  5.851199E-0005  3.175458E-0001 -4.054653E-0002
  718  9.450245E+0005  6.279139E+0002  5.851199E-0005  3.164123E-0001 -4.054653E-0002
  719  9.455023E+0005  6.279418E+0002  5.838423E-0005  3.152789E-0001 -4.063526E-0002
  720  9.459800E+0005  6.279697E+0002  5.851199E-0005  3.141454E-0001 -4.054653E-0002
  721  9.464578E+0005  6.279977E+0002  5.851199E-0005  3.130120E-0001 -4.054653E-0002
  722  9.469355E+0005  6.280214E+0002  4.969686E-0005  3.118670E-0001 -4.822436E-0002
  723  9.474133E+0005  6.280447E+0002  4.880257E-0005  3.107210E-0001 -4.915280E-0002
  724  9.478910E+0005  6.280681E+0002  4.880257E-0005  3.095750E-0001 -4.915280E-0002
  725  9.483688E+0005  6.280914E+0002  4.880257E-0005  3.084290E-0001 -4.915280E-0002
  726  9.488465E+0005  6.281147E+0002  4.880257E-0005  3.072830E-0001 -4.915280E-0002
  727  9.493243E+0005  6.281380E+0002  4.880257E-0005  3.061369E-0001 -4.915407E-0002
  728  9.498020E+0005  6.281613E+0002  4.880257E-0005  3.049909E-0001 -4.915280E-0002
  729  9.502798E+0005  6.281846E+0002  4.880257E-0005  3.038449E-0001 -4.915280E-0002
  730  9.507575E+0005  6.282079E+0002  4.880257E-0005  3.026989E-0001 -4.915280E-0002
  731  9.512353E+0005  6.282313E+0002  4.880257E-0005  3.015528E-0001 -4.915280E-0002
  732  9.517130E+0005  6.282546E+0002  4.893033E-0005  3.004068E-0001 -4.902446E-0002
  733  9.521908E+0005  6.282780E+0002  4.880257E-0005  2.992608E-0001 -4.915280E-0002
  734  9.526685E+0005  6.283013E+0002  4.880257E-0005  2.981147E-0001 -4.915407E-0002
  735  9.531463E+0005  6.283246E+0002  4.880257E-0005  2.969687E-0001 -4.915280E-0002
  736  9.536240E+0005  6.283479E+0002  4.880257E-0005  2.958227E-0001 -4.915280E-0002
  737  9.541018E+0005  6.283712E+0002  4.880257E-0005  2.946767E-0001 -4.915280E-0002
  738  9.545795E+0005  6.283945E+0002  4.880257E-0005  2.935307E-0001 -4.915280E-0002
  739  9.550573E+0005  6.284178E+0002  4.880257E-0005  2.923847E-0001 -4.915280E-0002
  740  9.555350E+0005  6.284412E+0002  4.880257E-0005  2.912386E-0001 -4.915280E-0002
  741  9.560128E+0005  6.284645E+0002  4.880257E-0005  2.900926E-0001 -4.915407E-0002
  742  9.564905E+0005  6.284879E+0002  4.893033E-0005  2.889466E-0001 -4.902446E-0002
  743  9.569683E+0005  6.285112E+0002  4.880257E-0005  2.878006E-0001 -4.915280E-0002
  744  9.574460E+0005  6.285345E+0002  4.880257E-0005  2.866545E-0001 -4.915280E-0002
  745  9.579238E+0005  6.285578E+0002  4.880257E-0005  2.855085E-0001 -4.915280E-0002
  746  9.584015E+0005  6.285811E+0002  4.880257E-0005  2.843625E-0001 -4.915280E-0002
  747  9.588793E+0005  6.286044E+0002  4.880257E-0005  2.832164E-0001 -4.915407E-0002
  748  9.593570E+0005  6.286277E+0002  4.880257E-0005  2.820704E-0001 -4.915280E-0002
  749  9.598348E+0005  6.286511E+0002  4.880257E-0005  2.809244E-0001 -4.915280E-0002
  750  9.603125E+0005  6.286744E+0002  4.880257E-0005  2.797784E-0001 -4.915280E-0002
  751  9.607903E+0005  6.286977E+0002  4.880257E-0005  2.786324E-0001 -4.915280E-0002
  752  9.612680E+0005  6.287211E+0002  4.893033E-0005  2.774864E-0001 -4.902446E-0002
  753  9.617458E+0005  6.287444E+0002  4.880257E-0005  2.763403E-0001 -4.915280E-0002
  754  9.622235E+0005  6.287677E+0002  4.880257E-0005  2.751943E-0001 -4.915407E-0002
  755  9.627013E+0005  6.287910E+0002  4.880257E-0005  2.740483E-0001 -4.915280E-0002
  756  9.631790E+0005  6.288143E+0002  4.880257E-0005  2.729023E-0001 -4.915280E-0002
  757  9.636568E+0005  6.288376E+0002  4.880257E-0005  2.717562E-0001 -4.915280E-0002
  758  9.641345E+0005  6.288610E+0002  4.880257E-0005  2.706102E-0001 -4.915280E-0002
  759  9.646123E+0005  6.288843E+0002  4.880257E-0005  2.694642E-0001 -4.915280E-0002
  760  9.650900E+0005  6.289076E+0002  4.880257E-0005  2.683182E-0001 -4.915280E-0002
  761  9.655678E+0005  6.289309E+0002  4.880257E-0005  2.671721E-0001 -4.915407E-0002
  762  9.660455E+0005  6.289543E+0002  4.893033E-0005  2.660261E-0001 -4.902446E-0002
  763  9.665233E+0005  6.289776E+0002  4.880257E-0005  2.648801E-0001 -4.915280E-0002
  764  9.670010E+0005  6.290007E+0002  4.841931E-0005  2.637336E-0001 -4.956119E-0002
  765  9.674788E+0005  6.290198E+0002  3.998745E-0005  2.625760E-0001 -6.059368E-0002
  766  9.679565E+0005  6.290389E+0002  3.985969E-0005  2.614185E-0001 -6.078789E-0002
  767  9.684343E+0005  6.290580E+0002  3.998745E-0005  2.602609E-0001 -6.059211E-0002
  768  9.689120E+0005  6.290770E+0002  3.985969E-0005  2.591033E-0001 -6.078789E-0002
  769  9.693898E+0005  6.290961E+0002  3.998745E-0005  2.579457E-0001 -6.059368E-0002
  770  9.698675E+0005  6.291152E+0002  3.985969E-0005  2.567882E-0001 -6.078632E-0002
  771  9.703453E+0005  6.291343E+0002  3.998745E-0005  2.556306E-0001 -6.059368E-0002
  772  9.708230E+0005  6.291534E+0002  3.998745E-0005  2.544730E-0001 -6.059368E-0002
  773  9.713008E+0005  6.291724E+0002  3.985969E-0005  2.533154E-0001 -6.078789E-0002
  774  9.717785E+0005  6.291915E+0002  3.998745E-0005  2.521579E-0001 -6.059211E-0002
  775  9.722563E+0005  6.292106E+0002  3.985969E-0005  2.510003E-0001 -6.078789E-0002
  776  9.727340E+0005  6.292297E+0002  3.998745E-0005  2.498427E-0001 -6.059368E-0002
  777  9.732118E+0005  6.292487E+0002  3.985969E-0005  2.486852E-0001 -6.078710E-0002
  778  9.736895E+0005  6.292678E+0002  3.998745E-0005  2.475276E-0001 -6.059289E-0002
  779  9.741673E+0005  6.292869E+0002  3.998745E-0005  2.463700E-0001 -6.059368E-0002
  780  9.746450E+0005  6.293060E+0002  3.985969E-0005  2.452125E-0001 -6.078710E-0002
  781  9.751228E+0005  6.293251E+0002  3.998745E-0005  2.440549E-0001 -6.059368E-0002
  782  9.756005E+0005  6.293441E+0002  3.985969E-0005  2.428973E-0001 -6.078710E-0002
  783  9.760783E+0005  6.293632E+0002  3.998745E-0005  2.417397E-0001 -6.059368E-0002
  784  9.765560E+0005  6.293823E+0002  3.985969E-0005  2.405822E-0001 -6.078710E-0002
  785  9.770338E+0005  6.294014E+0002  3.998745E-0005  2.394246E-0001 -6.059368E-0002
  786  9.775115E+0005  6.294205E+0002  3.998745E-0005  2.382670E-0001 -6.059289E-0002
  787  9.779893E+0005  6.294395E+0002  3.985969E-0005  2.371094E-0001 -6.078710E-0002
  788  9.784670E+0005  6.294586E+0002  3.998745E-0005  2.359519E-0001 -6.059368E-0002
  789  9.789448E+0005  6.294777E+0002  3.985969E-0005  2.347943E-0001 -6.078710E-0002
  790  9.794225E+0005  6.294968E+0002  3.998745E-0005  2.336367E-0001 -6.059368E-0002
  791  9.799003E+0005  6.295158E+0002  3.985969E-0005  2.324791E-0001 -6.078710E-0002
  792  9.803780E+0005  6.295349E+0002  3.998745E-0005  2.313216E-0001 -6.059368E-0002
  793  9.808558E+0005  6.295540E+0002  3.985969E-0005  2.301640E-0001 -6.078710E-0002
  794  9.813335E+0005  6.295731E+0002  3.998745E-0005  2.290064E-0001 -6.059368E-0002
  795  9.818113E+0005  6.295922E+0002  3.998745E-0005  2.278488E-0001 -6.059289E-0002
  796  9.822890E+0005  6.296112E+0002  3.985969E-0005  2.266913E-0001 -6.078710E-0002
  797  9.827668E+0005  6.296303E+0002  3.998745E-0005  2.255337E-0001 -6.059368E-0002
  798  9.832445E+0005  6.296494E+0002  3.985969E-0005  2.243761E-0001 -6.078710E-0002
  799  9.837223E+0005  6.296685E+0002  3.998745E-0005  2.232185E-0001 -6.059368E-0002
  800  9.842000E+0005  6.296875E+0002  3.985969E-0005  2.220610E-0001 -6.078710E-0002
  801  9.846778E+0005  6.297066E+0002  3.998745E-0005  2.209034E-0001 -6.059368E-0002
  802  9.851555E+0005  6.297257E+0002  3.998745E-0005  2.197458E-0001 -6.059289E-0002
  803  9.856333E+0005  6.297448E+0002  3.985969E-0005  2.185882E-0001 -6.078789E-0002
  804  9.861110E+0005  6.297639E+0002  3.998745E-0005  2.174307E-0001 -6.059289E-0002
  805  9.865888E+0005  6.297829E+0002  3.985969E-0005  2.162731E-0001 -6.078710E-0002
  806  9.870665E+0005  6.298020E+0002  3.998745E-0005  2.151155E-0001 -6.059368E-0002
  807  9.875443E+0005  6.298210E+0002  3.985969E-0005  2.139580E-0001 -6.078710E-0002
  808  9.880220E+0005  6.298401E+0002  3.998745E-0005  2.128004E-0001 -6.059368E-0002
  809  9.884998E+0005  6.298593E+0002  3.998745E-0005  2.116428E-0001 -6.059289E-0002
  810  9.889775E+0005  6.298783E+0002  3.985969E-0005  2.104852E-0001 -6.078789E-0002
  811  9.894553E+0005  6.298974E+0002  3.998745E-0005  2.093277E-0001 -6.059289E-0002
  812  9.899330E+0005  6.299164E+0002  3.985969E-0005  2.081701E-0001 -6.078789E-0002
  813  9.904108E+0005  6.299355E+0002  3.998745E-0005  2.070125E-0001 -6.059289E-0002
  814  9.908885E+0005  6.299546E+0002  3.985969E-0005  2.058549E-0001 -6.078789E-0002
  815  9.913663E+0005  6.299737E+0002  3.998745E-0005  2.046974E-0001 -6.059289E-0002
  816  9.918440E+0005  6.299927E+0002  3.985969E-0005  2.035398E-0001 -6.078710E-0002
  817  9.923218E+0005  6.300092E+0002  3.436621E-0005  2.023748E-0001 -7.095417E-0002
  818  9.927995E+0005  6.300239E+0002  3.078906E-0005  2.012054E-0001 -7.950272E-0002
  819  9.932773E+0005  6.300386E+0002  3.078906E-0005  2.000360E-0001 -7.950272E-0002
  820  9.937550E+0005  6.300533E+0002  3.078906E-0005  1.988665E-0001 -7.950374E-0002
  821  9.942328E+0005  6.300680E+0002  3.078906E-0005  1.976971E-0001 -7.950272E-0002
  822  9.947105E+0005  6.300827E+0002  3.078906E-0005  1.965276E-0001 -7.950374E-0002
  823  9.951883E+0005  6.300974E+0002  3.078906E-0005  1.953582E-0001 -7.950272E-0002
  824  9.956660E+0005  6.301121E+0002  3.078906E-0005  1.941887E-0001 -7.950374E-0002
  825  9.961438E+0005  6.301268E+0002  3.078906E-0005  1.930193E-0001 -7.950272E-0002
  826  9.966215E+0005  6.301415E+0002  3.078906E-0005  1.918498E-0001 -7.950272E-0002
  827  9.970993E+0005  6.301563E+0002  3.078906E-0005  1.906804E-0001 -7.950374E-0002
  828  9.975770E+0005  6.301710E+0002  3.078906E-0005  1.895109E-0001 -7.950272E-0002
  829  9.980548E+0005  6.301857E+0002  3.078906E-0005  1.883415E-0001 -7.950374E-0002
  830  9.985325E+0005  6.302004E+0002  3.091681E-0005  1.871720E-0001 -7.917420E-0002
  831  9.990103E+0005  6.302151E+0002  3.078906E-0005  1.860026E-0001 -7.950374E-0002
  832  9.994880E+0005  6.302299E+0002  3.078906E-0005  1.848331E-0001 -7.950272E-0002
  833  9.999658E+0005  6.302446E+0002  3.078906E-0005  1.836637E-0001 -7.950272E-0002
  834  1.000444E+0006  6.302593E+0002  3.078906E-0005  1.824942E-0001 -7.950374E-0002
  835  1.000921E+0006  6.302740E+0002  3.078906E-0005  1.813248E-0001 -7.950272E-0002
  836  1.001399E+0006  6.302887E+0002  3.078906E-0005  1.801553E-0001 -7.950374E-0002
  837  1.001877E+0006  6.303034E+0002  3.078906E-0005  1.789859E-0001 -7.950272E-0002
  838  1.002355E+0006  6.303181E+0002  3.078906E-0005  1.778164E-0001 -7.950374E-0002
  839  1.002832E+0006  6.303328E+0002  3.078906E-0005  1.766470E-0001 -7.950272E-0002
  840  1.003310E+0006  6.303475E+0002  3.078906E-0005  1.754775E-0001 -7.950272E-0002
  841  1.003788E+0006  6.303622E+0002  3.078906E-0005  1.743081E-0001 -7.950374E-0002
  842  1.004266E+0006  6.303770E+0002  3.078906E-0005  1.731386E-0001 -7.950272E-0002
  843  1.004743E+0006  6.303917E+0002  3.078906E-0005  1.719692E-0001 -7.950374E-0002
  844  1.005221E+0006  6.304064E+0002  3.091681E-0005  1.707997E-0001 -7.917420E-0002
  845  1.005699E+0006  6.304211E+0002  3.078906E-0005  1.696303E-0001 -7.950374E-0002
  846  1.006177E+0006  6.304359E+0002  3.078906E-0005  1.684608E-0001 -7.950272E-0002
  847  1.006654E+0006  6.304506E+0002  3.078906E-0005  1.672914E-0001 -7.950272E-0002
  848  1.007132E+0006  6.304653E+0002  3.078906E-0005  1.661219E-0001 -7.950374E-0002
  849  1.007610E+0006  6.304800E+0002  3.078906E-0005  1.649525E-0001 -7.950272E-0002
  850  1.008088E+0006  6.304947E+0002  3.078906E-0005  1.637830E-0001 -7.950374E-0002
  851  1.008565E+0006  6.305094E+0002  3.078906E-0005  1.626136E-0001 -7.950272E-0002
  852  1.009043E+0006  6.305241E+0002  3.078906E-0005  1.614441E-0001 -7.950272E-0002
  853  1.009521E+0006  6.305388E+0002  3.078906E-0005  1.602747E-0001 -7.950374E-0002
  854  1.009999E+0006  6.305535E+0002  3.078906E-0005  1.591052E-0001 -7.950272E-0002
  855  1.010476E+0006  6.305682E+0002  3.078906E-0005  1.579358E-0001 -7.950374E-0002
  856  1.010954E+0006  6.305829E+0002  3.078906E-0005  1.567663E-0001 -7.950272E-0002
  857  1.011432E+0006  6.305977E+0002  3.078906E-0005  1.555969E-0001 -7.950374E-0002
  858  1.011910E+0006  6.306124E+0002  3.078906E-0005  1.544274E-0001 -7.950272E-0002
  859  1.012387E+0006  6.306271E+0002  3.091681E-0005  1.532580E-0001 -7.917420E-0002
  860  1.012865E+0006  6.306418E+0002  3.078906E-0005  1.520885E-0001 -7.950374E-0002
  861  1.013343E+0006  6.306566E+0002  3.078906E-0005  1.509191E-0001 -7.950272E-0002
  862  1.013821E+0006  6.306713E+0002  3.078906E-0005  1.497496E-0001 -7.950374E-0002
  863  1.014298E+0006  6.306860E+0002  3.078906E-0005  1.485802E-0001 -7.950272E-0002
  864  1.014776E+0006  6.307007E+0002  3.078906E-0005  1.474107E-0001 -7.950374E-0002
  865  1.015254E+0006  6.307154E+0002  3.078906E-0005  1.462413E-0001 -7.950272E-0002
  866  1.015732E+0006  6.307301E+0002  3.078906E-0005  1.450718E-0001 -7.950272E-0002
  867  1.016209E+0006  6.307448E+0002  3.078906E-0005  1.439024E-0001 -7.950374E-0002
  868  1.016687E+0006  6.307595E+0002  3.078906E-0005  1.427329E-0001 -7.950272E-0002
  869  1.017165E+0006  6.307742E+0002  3.078906E-0005  1.415635E-0001 -7.950374E-0002
  870  1.017643E+0006  6.307889E+0002  3.078906E-0005  1.403940E-0001 -7.950272E-0002
  871  1.018120E+0006  6.308036E+0002  3.078906E-0005  1.392246E-0001 -7.950374E-0002
  872  1.018598E+0006  6.308184E+0002  3.078906E-0005  1.380551E-0001 -7.950272E-0002
  873  1.019076E+0006  6.308331E+0002  3.091681E-0005  1.368857E-0001 -7.917420E-0002
  874  1.019554E+0006  6.308478E+0002  3.078906E-0005  1.357162E-0001 -7.950374E-0002
  875  1.020031E+0006  6.308625E+0002  3.078906E-0005  1.345468E-0001 -7.950272E-0002
  876  1.020509E+0006  6.308773E+0002  3.078906E-0005  1.333773E-0001 -7.950374E-0002
  877  1.020987E+0006  6.308920E+0002  3.078906E-0005  1.322079E-0001 -7.950272E-0002
  878  1.021465E+0006  6.309067E+0002  3.078906E-0005  1.310384E-0001 -7.950374E-0002
  879  1.021942E+0006  6.309214E+0002  3.078906E-0005  1.298690E-0001 -7.950272E-0002
  880  1.022420E+0006  6.309361E+0002  3.078906E-0005  1.286995E-0001 -7.950272E-0002
  881  1.022898E+0006  6.309508E+0002  3.078906E-0005  1.275301E-0001 -7.950374E-0002
  882  1.023376E+0006  6.309655E+0002  3.078906E-0005  1.263606E-0001 -7.950272E-0002
  883  1.023853E+0006  6.309802E+0002  3.078906E-0005  1.251912E-0001 -7.950374E-0002
  884  1.024331E+0006  6.309949E+0002  3.078906E-0005  1.240217E-0001 -7.950272E-0002
  885  1.024809E+0006  6.310092E+0002  2.976702E-0005  1.228509E-0001 -8.233407E-0002
  886  1.025287E+0006  6.310231E+0002  2.912824E-0005  1.216792E-0001 -8.419425E-0002
  887  1.025764E+0006  6.310369E+0002  2.900048E-0005  1.205076E-0001 -8.456461E-0002
  888  1.026242E+0006  6.310508E+0002  2.912824E-0005  1.193359E-0001 -8.419371E-0002
  889  1.026720E+0006  6.310648E+0002  2.912824E-0005  1.181643E-0001 -8.419371E-0002
  890  1.027198E+0006  6.310787E+0002  2.912824E-0005  1.169926E-0001 -8.419371E-0002
  891  1.027675E+0006  6.310926E+0002  2.912824E-0005  1.158210E-0001 -8.419371E-0002
  892  1.028153E+0006  6.311065E+0002  2.912824E-0005  1.146494E-0001 -8.419371E-0002
  893  1.028631E+0006  6.311204E+0002  2.912824E-0005  1.134777E-0001 -8.419425E-0002
  894  1.029109E+0006  6.311343E+0002  2.912824E-0005  1.123061E-0001 -8.419371E-0002
  895  1.029586E+0006  6.311483E+0002  2.912824E-0005  1.111344E-0001 -8.419371E-0002
  896  1.030064E+0006  6.311621E+0002  2.900048E-0005  1.099628E-0001 -8.456461E-0002
  897  1.030542E+0006  6.311760E+0002  2.912824E-0005  1.087911E-0001 -8.419371E-0002
  898  1.031020E+0006  6.311899E+0002  2.912824E-0005  1.076195E-0001 -8.419371E-0002
  899  1.031497E+0006  6.312039E+0002  2.912824E-0005  1.064479E-0001 -8.419371E-0002
  900  1.031975E+0006  6.312178E+0002  2.912824E-0005  1.052762E-0001 -8.419425E-0002
  901  1.032453E+0006  6.312317E+0002  2.912824E-0005  1.041046E-0001 -8.419371E-0002
  902  1.032931E+0006  6.312456E+0002  2.912824E-0005  1.029329E-0001 -8.419371E-0002
  903  1.033408E+0006  6.312595E+0002  2.912824E-0005  1.017613E-0001 -8.419371E-0002
  904  1.033886E+0006  6.312734E+0002  2.900048E-0005  1.005896E-0001 -8.456461E-0002
  905  1.034364E+0006  6.312873E+0002  2.912824E-0005  9.941801E-0002 -8.419371E-0002
  906  1.034842E+0006  6.313012E+0002  2.912824E-0005  9.824637E-0002 -8.419371E-0002
  907  1.035319E+0006  6.313151E+0002  2.912824E-0005  9.707472E-0002 -8.419425E-0002
  908  1.035797E+0006  6.313290E+0002  2.912824E-0005  9.590308E-0002 -8.419371E-0002
  909  1.036275E+0006  6.313430E+0002  2.912824E-0005  9.473144E-0002 -8.419371E-0002
  910  1.036753E+0006  6.313569E+0002  2.912824E-0005  9.355979E-0002 -8.419371E-0002
  911  1.037230E+0006  6.313708E+0002  2.912824E-0005  9.238815E-0002 -8.419371E-0002
  912  1.037708E+0006  6.313847E+0002  2.912824E-0005  9.121651E-0002 -8.419371E-0002
  913  1.038186E+0006  6.313986E+0002  2.900048E-0005  9.004486E-0002 -8.456515E-0002
  914  1.038664E+0006  6.314125E+0002  2.912824E-0005  8.887322E-0002 -8.419371E-0002
  915  1.039141E+0006  6.314264E+0002  2.912824E-0005  8.770158E-0002 -8.419371E-0002
  916  1.039619E+0006  6.314403E+0002  2.912824E-0005  8.652994E-0002 -8.419371E-0002
  917  1.040097E+0006  6.314542E+0002  2.912824E-0005  8.535830E-0002 -8.419371E-0002
  918  1.040575E+0006  6.314681E+0002  2.912824E-0005  8.418666E-0002 -8.419371E-0002
  919  1.041052E+0006  6.314821E+0002  2.912824E-0005  8.301502E-0002 -8.419371E-0002
  920  1.041530E+0006  6.314960E+0002  2.912824E-0005  8.184337E-0002 -8.419425E-0002
  921  1.042008E+0006  6.315098E+0002  2.900048E-0005  8.067173E-0002 -8.456461E-0002
  922  1.042486E+0006  6.315237E+0002  2.912824E-0005  7.950009E-0002 -8.419371E-0002
  923  1.042963E+0006  6.315377E+0002  2.912824E-0005  7.832845E-0002 -8.419371E-0002
  924  1.043441E+0006  6.315516E+0002  2.912824E-0005  7.715680E-0002 -8.419371E-0002
  925  1.043919E+0006  6.315655E+0002  2.912824E-0005  7.598516E-0002 -8.419371E-0002
  926  1.044397E+0006  6.315794E+0002  2.912824E-0005  7.481352E-0002 -8.419371E-0002
  927  1.044874E+0006  6.315933E+0002  2.912824E-0005  7.364187E-0002 -8.419425E-0002
  928  1.045352E+0006  6.316072E+0002  2.912824E-0005  7.247023E-0002 -8.419371E-0002
  929  1.045830E+0006  6.316212E+0002  2.912824E-0005  7.129859E-0002 -8.419371E-0002
  930  1.046308E+0006  6.316350E+0002  2.900048E-0005  7.012695E-0002 -8.456461E-0002
  931  1.046785E+0006  6.316489E+0002  2.912824E-0005  6.895531E-0002 -8.419371E-0002
  932  1.047263E+0006  6.316628E+0002  2.912824E-0005  6.778367E-0002 -8.419371E-0002
  933  1.047741E+0006  6.316768E+0002  2.912824E-0005  6.661203E-0002 -8.419371E-0002
  934  1.048219E+0006  6.316907E+0002  2.912824E-0005  6.544038E-0002 -8.419425E-0002
  935  1.048696E+0006  6.317046E+0002  2.912824E-0005  6.426874E-0002 -8.419371E-0002
  936  1.049174E+0006  6.317185E+0002  2.912824E-0005  6.309710E-0002 -8.419371E-0002
  937  1.049652E+0006  6.317324E+0002  2.912824E-0005  6.192546E-0002 -8.419371E-0002
  938  1.050130E+0006  6.317463E+0002  2.900048E-0005  6.075381E-0002 -8.456461E-0002
  939  1.050607E+0006  6.317602E+0002  2.912824E-0005  5.958217E-0002 -8.419398E-0002
  940  1.051085E+0006  6.317741E+0002  2.912824E-0005  5.841053E-0002 -8.419371E-0002
  941  1.051563E+0006  6.317880E+0002  2.912824E-0005  5.723889E-0002 -8.419371E-0002
  942  1.052041E+0006  6.318019E+0002  2.912824E-0005  5.606725E-0002 -8.419371E-0002
  943  1.052518E+0006  6.318159E+0002  2.912824E-0005  5.489560E-0002 -8.419398E-0002
  944  1.052996E+0006  6.318298E+0002  2.912824E-0005  5.372396E-0002 -8.419371E-0002
  945  1.053474E+0006  6.318437E+0002  2.912824E-0005  5.255232E-0002 -8.419371E-0002
  946  1.053952E+0006  6.318576E+0002  2.912824E-0005  5.138068E-0002 -8.419398E-0002
  947  1.054429E+0006  6.318715E+0002  2.900048E-0005  5.020903E-0002 -8.456461E-0002
  948  1.054907E+0006  6.318854E+0002  2.912824E-0005  4.903739E-0002 -8.419371E-0002
  949  1.055385E+0006  6.318993E+0002  2.912824E-0005  4.786575E-0002 -8.419398E-0002
  950  1.055863E+0006  6.319132E+0002  2.912824E-0005  4.669411E-0002 -8.419371E-0002
  951  1.056340E+0006  6.319271E+0002  2.912824E-0005  4.552247E-0002 -8.419371E-0002
  952  1.056818E+0006  6.319410E+0002  2.912824E-0005  4.435083E-0002 -8.419371E-0002
  953  1.057296E+0006  6.319550E+0002  2.912824E-0005  4.317918E-0002 -8.419398E-0002
  954  1.057774E+0006  6.319689E+0002  2.912824E-0005  4.200754E-0002 -8.419371E-0002
  955  1.058251E+0006  6.319827E+0002  2.900048E-0005  4.083590E-0002 -8.456461E-0002
  956  1.058729E+0006  6.319966E+0002  2.912824E-0005  3.966425E-0002 -8.419398E-0002
  957  1.059207E+0006  6.320275E+0002  6.464425E-0005  3.853874E-0002 -3.644354E-0002
  958  1.059685E+0006  6.320637E+0002  7.575897E-0005  3.742778E-0002 -3.069471E-0002
  959  1.060162E+0006  6.320999E+0002  7.575897E-0005  3.631682E-0002 -3.069461E-0002
  960  1.060640E+0006  6.321362E+0002  7.588672E-0005  3.520586E-0002 -3.064304E-0002
  961  1.061118E+0006  6.321724E+0002  7.575897E-0005  3.409491E-0002 -3.069461E-0002
  962  1.061596E+0006  6.322086E+0002  7.575897E-0005  3.298395E-0002 -3.069461E-0002
  963  1.062073E+0006  6.322448E+0002  7.575897E-0005  3.187299E-0002 -3.069471E-0002
  964  1.062551E+0006  6.322809E+0002  7.575897E-0005  3.076203E-0002 -3.069466E-0002
  965  1.063029E+0006  6.323172E+0002  7.588672E-0005  2.965108E-0002 -3.064294E-0002
  966  1.063507E+0006  6.323534E+0002  7.575897E-0005  2.854012E-0002 -3.069466E-0002
  967  1.063984E+0006  6.323896E+0002  7.575897E-0005  2.742916E-0002 -3.069466E-0002
  968  1.064462E+0006  6.324258E+0002  7.575897E-0005  2.631820E-0002 -3.069466E-0002
  969  1.064940E+0006  6.324620E+0002  7.588672E-0005  2.520725E-0002 -3.064299E-0002
  970  1.065418E+0006  6.324982E+0002  7.575897E-0005  2.409629E-0002 -3.069466E-0002
  971  1.065895E+0006  6.325344E+0002  7.575897E-0005  2.298533E-0002 -3.069466E-0002
  972  1.066373E+0006  6.325706E+0002  7.575897E-0005  2.187437E-0002 -3.069461E-0002
  973  1.066851E+0006  6.326068E+0002  7.575897E-0005  2.076342E-0002 -3.069466E-0002
  974  1.067329E+0006  6.326431E+0002  7.588672E-0005  1.965246E-0002 -3.064299E-0002
  975  1.067806E+0006  6.326793E+0002  7.575897E-0005  1.854150E-0002 -3.069466E-0002
  976  1.068284E+0006  6.327155E+0002  7.575897E-0005  1.743054E-0002 -3.069466E-0002
  977  1.068762E+0006  6.327516E+0002  7.575897E-0005  1.631958E-0002 -3.069466E-0002
  978  1.069240E+0006  6.327878E+0002  7.575897E-0005  1.520863E-0002 -3.069464E-0002
  979  1.069717E+0006  6.328241E+0002  7.588672E-0005  1.409767E-0002 -3.064299E-0002
  980  1.070195E+0006  6.328603E+0002  7.575897E-0005  1.298671E-0002 -3.069464E-0002
  981  1.070673E+0006  6.328965E+0002  7.575897E-0005  1.187575E-0002 -3.069466E-0002
  982  1.071151E+0006  6.329327E+0002  7.575897E-0005  1.076480E-0002 -3.069466E-0002
  983  1.071628E+0006  6.329689E+0002  7.588672E-0005  9.653839E-0003 -3.064296E-0002
  984  1.072106E+0006  6.330340E+0002  1.361873E-0004  8.621550E-0003 -1.586588E-0002
  985  1.072584E+0006  6.332748E+0002  5.039952E-0004  8.067391E-0003 -2.301482E-0003
  986  1.073062E+0006  6.335156E+0002  5.039952E-0004  7.513231E-0003 -2.301484E-0003
  987  1.073539E+0006  6.337563E+0002  5.039952E-0004  6.959072E-0003 -2.301482E-0003
  988  1.074017E+0006  6.339971E+0002  5.039952E-0004  6.404913E-0003 -2.301482E-0003
  989  1.074495E+0006  6.342379E+0002  5.039952E-0004  5.850719E-0003 -2.301625E-0003
  990  1.074973E+0006  6.344787E+0002  5.039952E-0004  5.296524E-0003 -2.301629E-0003
  991  1.075450E+0006  6.347195E+0002  5.039952E-0004  4.742330E-0003 -2.301627E-0003
  992  1.075928E+0006  6.349603E+0002  5.039952E-0004  4.188136E-0003 -2.301627E-0003
  993  1.076406E+0006  6.352010E+0002  5.039952E-0004  3.633941E-0003 -2.301628E-0003
  994  1.076884E+0006  6.354418E+0002  5.039952E-0004  3.079747E-0003 -2.301628E-0003
  995  1.077361E+0006  6.356826E+0002  5.039952E-0004  2.525553E-0003 -2.301627E-0003
  996  1.077839E+0006  6.359234E+0002  5.039952E-0004  1.971358E-0003 -2.301628E-0003
  997  1.078317E+0006  6.361826E+0002  5.425773E-0004  1.467272E-0003 -1.944656E-0003
  998  1.078795E+0006  6.364504E+0002  5.604631E-0004  9.865660E-0004 -1.795277E-0003
  999  1.079272E+0006  6.367182E+0002  5.605908E-0004  5.058603E-0004 -1.794868E-0003
 1000  1.079750E+0006  6.369860E+0002  5.604631E-0004  2.515466E-0005 -1.795277E-0003
 1001  1.080228E+0006  6.374211E+0002  9.108962E-0004  0.000000E+0000 -5.780281E-0005
